,time,into,inth,intl,intc
0,2024-02-01 09:51:00,222.05,222.3,221.95,222.2
1,2024-02-01 09:54:00,222.15,222.25,221.85,221.95
2,2024-02-01 09:57:00,221.9,221.95,221.55,221.75
3,2024-02-01 10:00:00,221.7,221.8,221.0,221.25
4,2024-02-01 10:03:00,221.2,221.45,221.0,221.45
5,2024-02-01 10:06:00,221.4,221.55,221.05,221.45
6,2024-02-01 10:09:00,221.4,221.6,221.15,221.25
7,2024-02-01 10:12:00,221.2,221.35,221.0,221.3
8,2024-02-01 10:15:00,221.25,221.4,220.95,221.05
9,2024-02-01 10:18:00,221.1,221.2,220.85,220.95
10,2024-02-01 10:21:00,221.0,221.45,220.95,221.45
11,2024-02-01 10:24:00,221.35,221.7,221.1,221.6
12,2024-02-01 10:27:00,221.65,221.75,221.3,221.3
13,2024-02-01 10:30:00,221.4,221.55,221.15,221.35
14,2024-02-01 10:33:00,221.25,221.7,221.2,221.6
15,2024-02-01 10:36:00,221.55,222.1,221.5,221.9
16,2024-02-01 10:39:00,221.85,222.0,221.6,221.7
17,2024-02-01 10:42:00,221.6,221.85,221.4,221.5
18,2024-02-01 10:45:00,221.55,221.85,221.3,221.4
19,2024-02-01 10:48:00,221.5,221.5,221.15,221.15
20,2024-02-01 10:51:00,221.3,221.3,220.85,221.0
21,2024-02-01 10:54:00,221.1,221.2,220.8,220.9
22,2024-02-01 10:57:00,220.75,221.6,220.75,221.45
23,2024-02-01 11:00:00,221.5,221.6,221.25,221.6
24,2024-02-01 11:03:00,221.55,221.6,221.3,221.45
25,2024-02-01 11:06:00,221.4,221.45,220.55,221.1
26,2024-02-01 11:09:00,221.15,221.2,220.8,221.2
27,2024-02-01 11:12:00,221.1,221.2,220.6,220.95
28,2024-02-01 11:15:00,221.0,221.0,219.2,219.8
29,2024-02-01 11:18:00,219.85,220.7,219.8,219.8
30,2024-02-01 11:21:00,219.95,220.95,219.85,220.8
31,2024-02-01 11:24:00,220.9,221.25,220.7,220.85
32,2024-02-01 11:27:00,221.0,221.25,220.65,221.0
33,2024-02-01 11:30:00,220.95,221.05,220.65,220.9
34,2024-02-01 11:33:00,221.05,221.1,220.8,221.05
35,2024-02-01 11:36:00,221.0,221.35,220.95,221.2
36,2024-02-01 11:39:00,221.35,221.7,221.2,221.5
37,2024-02-01 11:42:00,221.45,221.6,221.4,221.55
38,2024-02-01 11:45:00,221.45,221.6,221.3,221.5
39,2024-02-01 11:48:00,221.45,221.5,220.95,220.95
40,2024-02-01 11:51:00,221.0,221.0,220.55,220.75
41,2024-02-01 11:54:00,220.7,220.8,219.9,220.1
42,2024-02-01 11:57:00,220.05,220.25,219.55,219.8
43,2024-02-01 12:00:00,219.9,219.95,219.2,219.2
44,2024-02-01 12:03:00,219.25,219.35,218.7,219.25
45,2024-02-01 12:06:00,219.3,220.65,219.25,220.3
46,2024-02-01 12:09:00,220.4,221.45,220.3,220.8
47,2024-02-01 12:12:00,220.85,221.05,220.25,220.4
48,2024-02-01 12:15:00,220.5,220.7,220.1,220.2
49,2024-02-01 12:18:00,220.15,220.3,219.75,219.9
50,2024-02-01 12:21:00,219.85,219.95,219.5,219.95
51,2024-02-01 12:24:00,219.85,220.0,219.75,220.0
52,2024-02-01 12:27:00,219.9,220.15,219.5,219.5
53,2024-02-01 12:30:00,219.55,220.15,219.25,219.3
54,2024-02-01 12:33:00,219.35,219.8,219.35,219.7
55,2024-02-01 12:36:00,219.8,220.5,219.55,219.85
56,2024-02-01 12:39:00,219.95,220.85,219.7,220.85
57,2024-02-01 12:42:00,220.9,220.95,220.65,220.95
58,2024-02-01 12:45:00,220.9,221.0,220.7,220.95
59,2024-02-01 12:48:00,221.0,221.0,220.6,220.75
60,2024-02-01 12:51:00,220.85,221.0,220.6,220.9
61,2024-02-01 12:54:00,220.95,221.45,220.8,220.8
62,2024-02-01 12:57:00,220.7,221.1,220.7,221.0
63,2024-02-01 13:00:00,220.95,220.95,220.25,220.8
64,2024-02-01 13:03:00,220.85,221.1,220.8,220.95
65,2024-02-01 13:06:00,221.0,221.0,220.9,220.9
66,2024-02-01 13:09:00,221.0,221.05,220.9,220.95
67,2024-02-01 13:12:00,220.9,221.15,220.85,220.95
68,2024-02-01 13:15:00,221.0,221.35,220.9,220.95
69,2024-02-01 13:18:00,221.0,221.0,220.5,221.0
70,2024-02-01 13:21:00,220.95,221.05,220.8,220.95
71,2024-02-01 13:24:00,221.0,221.0,220.75,220.9
72,2024-02-01 13:27:00,220.95,221.0,220.4,220.8
73,2024-02-01 13:30:00,220.75,220.85,220.5,220.55
74,2024-02-01 13:33:00,220.6,220.9,220.5,220.9
75,2024-02-01 13:36:00,220.85,221.0,220.6,220.75
76,2024-02-01 13:39:00,220.65,220.95,220.5,220.9
77,2024-02-01 13:42:00,220.85,221.1,220.8,220.95
78,2024-02-01 13:45:00,220.9,221.1,220.7,221.0
79,2024-02-01 13:48:00,221.1,221.1,220.9,221.0
80,2024-02-01 13:51:00,220.95,221.05,220.9,220.95
81,2024-02-01 13:54:00,221.0,221.0,220.9,220.95
82,2024-02-01 13:57:00,221.0,221.05,220.9,221.0
83,2024-02-01 14:00:00,220.95,221.0,220.9,220.95
84,2024-02-01 14:03:00,221.0,221.05,220.95,221.0
85,2024-02-01 14:06:00,221.05,221.25,220.95,221.0
86,2024-02-01 14:09:00,220.95,221.05,220.95,221.0
87,2024-02-01 14:12:00,220.95,221.05,220.95,221.0
88,2024-02-01 14:15:00,220.85,220.95,220.6,220.9
89,2024-02-01 14:18:00,220.85,221.05,220.8,220.95
90,2024-02-01 14:21:00,221.0,221.1,220.9,220.95
91,2024-02-01 14:24:00,221.0,221.1,220.95,221.0
92,2024-02-01 14:27:00,220.95,221.75,220.95,221.75
93,2024-02-01 14:30:00,221.55,221.75,221.1,221.2
94,2024-02-01 14:33:00,221.15,221.25,220.8,220.8
95,2024-02-01 14:36:00,220.85,221.05,220.75,221.0
96,2024-02-01 14:39:00,221.05,221.05,220.55,220.65
97,2024-02-01 14:42:00,220.75,221.15,220.65,220.95
98,2024-02-01 14:45:00,220.75,221.3,220.75,221.25
99,2024-02-01 14:48:00,221.3,221.45,221.15,221.45
100,2024-02-01 14:51:00,221.5,221.7,221.4,221.5
101,2024-02-01 14:54:00,221.55,223.45,221.5,223.4
102,2024-02-01 14:57:00,223.35,224.6,223.05,224.6
103,2024-02-01 15:00:00,224.55,224.8,224.0,224.25
104,2024-02-01 15:03:00,224.3,224.65,223.7,224.25
105,2024-02-01 15:06:00,224.15,225.2,224.05,225.05
106,2024-02-01 15:09:00,225.1,225.35,224.85,225.35
107,2024-02-01 15:12:00,225.25,225.65,225.05,225.55
108,2024-02-01 15:15:00,225.5,226.15,225.5,225.65
109,2024-02-01 15:18:00,225.7,225.95,225.5,225.75
110,2024-02-01 15:21:00,225.65,225.8,225.6,225.8
111,2024-02-01 15:24:00,225.75,226.5,225.75,226.45
112,2024-02-01 15:27:00,226.5,229.3,226.1,229.3
113,2024-02-02 09:15:00,229.1,229.6,228.1,228.8
114,2024-02-02 09:18:00,228.9,229.8,228.75,229.5
115,2024-02-02 09:21:00,229.4,229.6,228.5,228.95
116,2024-02-02 09:24:00,228.9,230.35,228.45,230.0
117,2024-02-02 09:27:00,229.95,230.05,228.55,229.05
118,2024-02-02 09:30:00,229.15,230.45,229.1,230.3
119,2024-02-02 09:33:00,230.25,230.4,229.2,229.25
120,2024-02-02 09:36:00,229.3,230.65,229.1,230.3
121,2024-02-02 09:39:00,230.4,230.5,229.3,229.5
122,2024-02-02 09:42:00,229.4,230.65,229.35,230.2
123,2024-02-02 09:45:00,230.15,230.5,229.7,229.85
124,2024-02-02 09:48:00,229.95,229.95,229.5,229.55
125,2024-02-02 09:51:00,229.6,230.0,229.25,229.95
126,2024-02-02 09:54:00,230.0,230.25,229.65,229.75
127,2024-02-02 09:57:00,229.8,229.9,229.3,229.5
128,2024-02-02 10:00:00,229.6,229.75,229.4,229.5
129,2024-02-02 10:03:00,229.6,230.3,229.5,230.15
130,2024-02-02 10:06:00,230.0,230.3,229.8,230.1
131,2024-02-02 10:09:00,230.05,230.2,229.4,229.5
132,2024-02-02 10:12:00,229.45,229.5,229.2,229.35
133,2024-02-02 10:15:00,229.3,230.1,229.25,229.45
134,2024-02-02 10:18:00,229.4,229.75,229.15,229.15
135,2024-02-02 10:21:00,229.2,229.25,228.6,229.05
136,2024-02-02 10:24:00,229.0,229.1,228.6,228.65
137,2024-02-02 10:27:00,228.6,229.5,228.6,229.1
138,2024-02-02 10:30:00,229.15,229.3,228.85,228.9
139,2024-02-02 10:33:00,229.0,229.75,228.9,229.55
140,2024-02-02 10:36:00,229.5,230.8,229.5,230.75
141,2024-02-02 10:39:00,230.7,231.65,230.6,230.8
142,2024-02-02 10:42:00,230.85,231.2,230.45,231.0
143,2024-02-02 10:45:00,230.95,231.05,230.15,230.75
144,2024-02-02 10:48:00,230.7,230.75,230.15,230.6
145,2024-02-02 10:51:00,230.5,230.65,230.0,230.4
146,2024-02-02 10:54:00,230.35,230.8,230.15,230.35
147,2024-02-02 10:57:00,230.4,230.75,230.25,230.35
148,2024-02-02 11:00:00,230.4,230.7,230.15,230.25
149,2024-02-02 11:03:00,230.15,230.6,230.15,230.55
150,2024-02-02 11:06:00,230.6,230.95,230.5,230.75
151,2024-02-02 11:09:00,230.7,231.25,230.65,231.1
152,2024-02-02 11:12:00,231.05,231.55,231.0,231.45
153,2024-02-02 11:15:00,231.4,231.85,231.3,231.7
154,2024-02-02 11:18:00,231.65,232.6,231.55,232.35
155,2024-02-02 11:21:00,232.45,233.3,232.4,233.25
156,2024-02-02 11:24:00,233.2,233.25,232.05,232.45
157,2024-02-02 11:27:00,232.35,233.1,232.35,232.7
158,2024-02-02 11:30:00,232.8,233.0,232.15,232.3
159,2024-02-02 11:33:00,232.35,233.0,232.15,233.0
160,2024-02-02 11:36:00,233.05,233.95,232.9,233.35
161,2024-02-02 11:39:00,233.4,233.4,232.2,232.85
162,2024-02-02 11:42:00,232.95,232.95,232.25,232.3
163,2024-02-02 11:45:00,232.35,232.65,231.9,232.6
164,2024-02-02 11:48:00,232.5,233.05,232.5,232.9
165,2024-02-02 11:51:00,232.95,233.9,232.85,233.5
166,2024-02-02 11:54:00,233.55,233.65,233.2,233.4
167,2024-02-02 11:57:00,233.35,233.75,233.15,233.5
168,2024-02-02 12:00:00,233.75,233.75,233.35,233.45
169,2024-02-02 12:03:00,233.5,233.5,233.2,233.5
170,2024-02-02 12:06:00,233.45,233.9,232.7,233.25
171,2024-02-02 12:09:00,233.15,234.25,233.15,233.85
172,2024-02-02 12:12:00,233.8,234.0,232.8,233.05
173,2024-02-02 12:15:00,233.0,233.15,232.7,232.95
174,2024-02-02 12:18:00,232.9,233.4,232.85,233.35
175,2024-02-02 12:21:00,233.3,233.3,232.85,233.05
176,2024-02-02 12:24:00,233.1,233.1,232.4,232.55
177,2024-02-02 12:27:00,232.6,232.8,231.4,231.9
178,2024-02-02 12:30:00,231.85,231.9,230.8,231.4
179,2024-02-02 12:33:00,231.45,232.2,230.25,230.4
180,2024-02-02 12:36:00,230.25,231.4,230.1,231.35
181,2024-02-02 12:39:00,231.4,232.15,231.05,232.0
182,2024-02-02 12:42:00,232.05,233.3,231.6,233.3
183,2024-02-02 12:45:00,233.25,233.7,233.1,233.2
184,2024-02-02 12:48:00,233.35,233.35,232.2,232.3
185,2024-02-02 12:51:00,232.4,235.15,232.4,234.8
186,2024-02-02 12:54:00,234.6,235.0,234.3,234.75
187,2024-02-02 12:57:00,234.65,234.95,234.1,234.15
188,2024-02-02 13:00:00,234.25,234.75,233.35,234.5
189,2024-02-02 13:03:00,234.45,234.75,234.35,234.4
190,2024-02-02 13:06:00,234.45,235.0,234.3,234.65
191,2024-02-02 13:09:00,234.7,235.45,234.35,234.8
192,2024-02-02 13:12:00,234.85,235.8,234.5,234.6
193,2024-02-02 13:15:00,234.55,235.25,233.6,235.1
194,2024-02-02 13:18:00,235.15,236.15,235.0,235.0
195,2024-02-02 13:21:00,234.9,236.1,234.9,235.85
196,2024-02-02 13:24:00,235.95,236.0,234.25,234.95
197,2024-02-02 13:27:00,234.9,236.2,234.9,236.1
198,2024-02-02 13:30:00,236.05,236.75,235.25,235.3
199,2024-02-02 13:33:00,235.35,235.95,235.25,235.7
200,2024-02-02 13:36:00,235.75,236.1,235.4,236.0
201,2024-02-02 13:39:00,236.05,236.5,235.85,236.25
202,2024-02-02 13:42:00,236.2,236.6,236.0,236.5
203,2024-02-02 13:45:00,236.4,236.85,236.1,236.4
204,2024-02-02 13:48:00,236.45,236.55,235.65,235.85
205,2024-02-02 13:51:00,235.95,237.0,235.75,236.85
206,2024-02-02 13:54:00,236.75,236.95,236.35,236.55
207,2024-02-02 13:57:00,236.6,237.05,236.0,237.0
208,2024-02-02 14:00:00,236.85,237.35,236.5,237.25
209,2024-02-02 14:03:00,237.2,237.5,236.5,236.75
210,2024-02-02 14:06:00,236.7,237.2,236.55,236.75
211,2024-02-02 14:09:00,236.8,237.0,236.25,236.25
212,2024-02-02 14:12:00,236.3,236.7,236.05,236.3
213,2024-02-02 14:15:00,236.45,236.8,236.15,236.75
214,2024-02-02 14:18:00,236.7,236.85,236.35,236.8
215,2024-02-02 14:21:00,236.85,237.25,236.5,236.5
216,2024-02-02 14:24:00,236.6,236.8,236.2,236.35
217,2024-02-02 14:27:00,236.25,236.7,236.1,236.4
218,2024-02-02 14:30:00,236.45,237.0,236.1,236.9
219,2024-02-02 14:33:00,236.95,236.95,236.2,236.35
220,2024-02-02 14:36:00,236.4,236.75,236.4,236.7
221,2024-02-02 14:39:00,236.65,237.15,236.6,237.1
222,2024-02-02 14:42:00,237.0,237.2,236.8,236.85
223,2024-02-02 14:45:00,236.8,237.0,236.65,236.95
224,2024-02-02 14:48:00,236.9,237.15,236.75,236.8
225,2024-02-02 14:51:00,236.85,236.85,235.8,235.9
226,2024-02-02 14:54:00,235.95,235.95,235.25,235.3
227,2024-02-02 14:57:00,235.25,235.4,234.65,235.4
228,2024-02-02 15:00:00,235.5,235.95,234.9,234.9
229,2024-02-02 15:03:00,234.95,235.45,234.5,235.4
230,2024-02-02 15:06:00,235.45,235.75,235.35,235.45
231,2024-02-02 15:09:00,235.4,235.8,235.3,235.5
232,2024-02-02 15:12:00,235.6,235.7,234.85,234.95
233,2024-02-02 15:15:00,234.9,235.0,234.6,234.95
234,2024-02-02 15:18:00,234.9,235.3,234.75,235.05
235,2024-02-02 15:21:00,235.1,235.4,235.05,235.4
236,2024-02-02 15:24:00,235.45,236.8,235.4,236.6
237,2024-02-02 15:27:00,236.8,236.85,236.1,236.7
238,2024-02-03 11:00:00,236.7,236.7,236.7,236.7
239,2024-02-03 11:03:00,236.7,236.7,236.7,236.7
240,2024-02-03 11:15:00,243.6,253.25,243.6,253.25
241,2024-02-03 11:18:00,254.45,254.45,236.7,236.7
242,2024-02-03 11:21:00,231.05,231.05,224.05,224.05
243,2024-02-03 11:24:00,214.0,224.05,214.0,224.05
244,2024-02-03 11:27:00,223.45,223.45,212.9,212.9
245,2024-02-03 11:30:00,212.9,212.9,212.9,212.9
246,2024-02-03 11:33:00,212.9,212.9,212.9,212.9
247,2024-02-03 11:36:00,212.9,212.9,212.9,212.9
248,2024-02-03 11:39:00,212.9,212.9,212.9,212.9
249,2024-02-03 11:42:00,212.9,244.95,212.9,232.5
250,2024-02-03 12:03:00,212.9,212.9,212.9,212.9
251,2024-02-03 12:06:00,232.5,232.5,212.8,212.8
252,2024-02-03 12:09:00,212.8,212.8,212.8,212.8
253,2024-02-03 12:12:00,222.6,232.5,222.6,232.5
254,2024-02-03 12:15:00,232.5,232.5,232.5,232.5
255,2024-02-03 12:18:00,232.5,232.5,232.5,232.5
256,2024-02-03 12:21:00,232.5,232.5,232.5,232.5
257,2024-02-03 12:24:00,232.5,232.5,232.5,232.5
258,2024-02-03 12:27:00,232.0,232.0,232.0,232.0
259,2024-02-03 12:30:00,232.0,235.55,232.0,232.0
260,2024-02-03 12:33:00,232.0,232.0,220.4,220.4
261,2024-02-03 12:36:00,220.4,220.4,220.4,220.4
262,2024-02-03 12:39:00,220.4,220.4,220.4,220.4
263,2024-02-03 12:42:00,220.4,220.4,220.4,220.4
264,2024-02-03 12:45:00,220.4,242.6,220.0,220.0
265,2024-02-03 12:48:00,220.0,229.5,220.0,228.45
266,2024-02-03 12:51:00,228.35,230.4,228.35,230.4
267,2024-02-03 12:54:00,230.45,230.5,229.5,229.55
268,2024-02-03 12:57:00,229.55,229.55,228.3,228.45
269,2024-02-03 15:15:00,228.45,228.45,228.45,228.45
270,2024-02-03 15:18:00,228.45,228.45,228.45,228.45
271,2024-02-03 15:21:00,228.4,228.4,228.4,228.4
272,2024-02-03 15:24:00,228.4,228.4,228.4,228.4
273,2024-02-03 15:27:00,228.4,240.0,228.4,240.0
274,2024-02-05 09:15:00,238.2,239.55,237.45,238.45
275,2024-02-05 09:18:00,238.4,239.15,237.35,238.8
276,2024-02-05 09:21:00,238.9,239.75,238.4,239.7
277,2024-02-05 09:24:00,239.8,244.25,239.5,242.8
278,2024-02-05 09:27:00,242.85,243.35,241.9,243.1
279,2024-02-05 09:30:00,243.05,243.2,241.8,242.15
280,2024-02-05 09:33:00,242.25,242.5,240.8,242.0
281,2024-02-05 09:36:00,241.9,242.85,241.0,242.55
282,2024-02-05 09:39:00,242.5,243.0,242.15,242.15
283,2024-02-05 09:42:00,242.25,242.5,241.65,241.7
284,2024-02-05 09:45:00,241.65,242.55,241.45,242.55
285,2024-02-05 09:48:00,242.6,243.35,242.55,243.1
286,2024-02-05 09:51:00,243.05,243.3,242.7,243.0
287,2024-02-05 09:54:00,242.95,244.15,242.65,244.1
288,2024-02-05 09:57:00,244.0,244.4,243.1,244.35
289,2024-02-05 10:00:00,244.3,244.6,243.75,244.2
290,2024-02-05 10:03:00,244.15,244.3,243.0,243.45
291,2024-02-05 10:06:00,243.4,245.0,243.35,244.75
292,2024-02-05 10:09:00,244.6,245.25,244.3,244.9
293,2024-02-05 10:12:00,244.95,244.95,243.7,243.7
294,2024-02-05 10:15:00,243.8,244.25,243.7,243.7
295,2024-02-05 10:18:00,243.75,243.75,241.8,242.3
296,2024-02-05 10:21:00,242.25,242.7,241.4,242.55
297,2024-02-05 10:24:00,242.6,243.0,242.25,242.7
298,2024-02-05 10:27:00,242.75,243.55,242.7,243.35
299,2024-02-05 10:30:00,243.25,243.6,242.6,242.85
300,2024-02-05 10:33:00,243.0,243.25,242.7,243.0
301,2024-02-05 10:36:00,243.1,244.75,243.1,244.6
302,2024-02-05 10:39:00,244.55,244.6,244.05,244.25
303,2024-02-05 10:42:00,244.2,244.4,243.9,244.25
304,2024-02-05 10:45:00,244.2,244.5,244.0,244.25
305,2024-02-05 10:48:00,244.15,244.5,243.7,243.95
306,2024-02-05 10:51:00,244.0,244.75,243.7,244.75
307,2024-02-05 10:54:00,244.95,245.5,244.8,245.2
308,2024-02-05 10:57:00,245.25,245.45,244.6,245.2
309,2024-02-05 11:00:00,245.05,245.45,244.85,245.35
310,2024-02-05 11:03:00,245.25,245.4,244.55,244.95
311,2024-02-05 11:06:00,244.85,245.1,244.35,244.4
312,2024-02-05 11:09:00,244.55,244.7,244.15,244.3
313,2024-02-05 11:12:00,244.2,244.5,244.2,244.4
314,2024-02-05 11:15:00,244.45,244.7,243.9,243.9
315,2024-02-05 11:18:00,243.95,244.05,243.7,243.9
316,2024-02-05 11:21:00,244.0,244.5,243.9,244.45
317,2024-02-05 11:24:00,244.35,244.6,244.0,244.15
318,2024-02-05 11:27:00,244.2,244.45,243.9,244.35
319,2024-02-05 11:30:00,244.4,244.5,243.8,243.9
320,2024-02-05 11:33:00,243.8,244.0,243.3,243.45
321,2024-02-05 11:36:00,243.55,244.75,243.4,244.65
322,2024-02-05 11:39:00,244.8,245.05,244.2,245.05
323,2024-02-05 11:42:00,245.0,245.3,244.85,245.2
324,2024-02-05 11:45:00,245.25,245.7,245.0,245.65
325,2024-02-05 11:48:00,245.7,246.2,245.5,246.15
326,2024-02-05 11:51:00,246.0,246.35,246.0,246.15
327,2024-02-05 11:54:00,246.1,246.5,246.0,246.1
328,2024-02-05 11:57:00,246.0,246.2,245.0,246.0
329,2024-02-05 12:00:00,245.95,246.8,245.8,246.8
330,2024-02-05 12:03:00,246.75,246.95,245.05,245.15
331,2024-02-05 12:06:00,245.1,245.65,244.9,245.4
332,2024-02-05 12:09:00,245.5,246.25,245.2,246.1
333,2024-02-05 12:12:00,246.05,246.4,245.8,245.9
334,2024-02-05 12:15:00,246.15,246.2,245.55,245.55
335,2024-02-05 12:18:00,245.6,245.65,245.15,245.5
336,2024-02-05 12:21:00,245.55,246.15,245.5,246.0
337,2024-02-05 12:24:00,246.05,246.1,245.9,245.9
338,2024-02-05 12:27:00,246.05,246.35,245.9,246.1
339,2024-02-05 12:30:00,246.15,246.45,245.95,246.05
340,2024-02-05 12:33:00,246.1,246.15,245.5,245.85
341,2024-02-05 12:36:00,245.75,246.25,245.7,246.05
342,2024-02-05 12:39:00,246.0,246.5,246.0,246.05
343,2024-02-05 12:42:00,246.0,246.25,246.0,246.2
344,2024-02-05 12:45:00,246.15,246.25,245.85,246.1
345,2024-02-05 12:48:00,246.0,246.3,245.9,246.0
346,2024-02-05 12:51:00,246.05,246.1,245.6,245.65
347,2024-02-05 12:54:00,245.75,245.9,244.75,245.45
348,2024-02-05 12:57:00,245.4,245.45,245.0,245.35
349,2024-02-05 13:00:00,245.3,245.5,245.2,245.2
350,2024-02-05 13:03:00,245.1,245.3,244.55,245.3
351,2024-02-05 13:06:00,245.1,245.2,244.1,244.3
352,2024-02-05 13:09:00,244.2,244.4,244.0,244.4
353,2024-02-05 13:12:00,244.3,244.7,244.0,244.6
354,2024-02-05 13:15:00,244.7,245.2,244.45,245.15
355,2024-02-05 13:18:00,245.1,245.3,244.65,244.75
356,2024-02-05 13:21:00,244.7,245.05,244.5,244.65
357,2024-02-05 13:24:00,244.75,244.75,244.15,244.3
358,2024-02-05 13:27:00,244.35,244.5,244.0,244.15
359,2024-02-05 13:30:00,244.1,244.25,243.75,243.85
360,2024-02-05 13:33:00,243.9,244.2,243.5,243.55
361,2024-02-05 13:36:00,243.45,243.75,242.5,242.8
362,2024-02-05 13:39:00,242.85,242.95,242.5,242.95
363,2024-02-05 13:42:00,243.0,243.3,242.65,243.25
364,2024-02-05 13:45:00,243.35,243.4,242.6,242.85
365,2024-02-05 13:48:00,242.75,243.5,242.75,243.3
366,2024-02-05 13:51:00,243.25,243.55,243.0,243.15
367,2024-02-05 13:54:00,243.1,243.45,243.05,243.15
368,2024-02-05 13:57:00,243.1,243.9,243.1,243.9
369,2024-02-05 14:00:00,243.85,244.5,243.75,244.35
370,2024-02-05 14:03:00,244.3,244.35,243.85,244.15
371,2024-02-05 14:06:00,244.2,244.2,243.5,243.55
372,2024-02-05 14:09:00,243.5,243.55,242.05,242.15
373,2024-02-05 14:12:00,242.1,243.9,242.1,243.55
374,2024-02-05 14:15:00,243.5,243.85,243.4,243.8
375,2024-02-05 14:18:00,243.75,244.0,243.25,243.4
376,2024-02-05 14:21:00,243.35,243.4,242.5,242.5
377,2024-02-05 14:24:00,242.45,242.7,241.85,241.9
378,2024-02-05 14:27:00,241.8,241.9,241.15,241.55
379,2024-02-05 14:30:00,241.6,242.25,240.5,240.8
380,2024-02-05 14:33:00,240.85,241.0,240.15,240.4
381,2024-02-05 14:36:00,240.3,240.75,239.2,239.25
382,2024-02-05 14:39:00,239.15,240.15,239.0,239.7
383,2024-02-05 14:42:00,239.75,239.8,237.8,239.0
384,2024-02-05 14:45:00,238.95,239.8,237.65,239.8
385,2024-02-05 14:48:00,239.6,240.55,239.55,239.95
386,2024-02-05 14:51:00,240.05,240.3,239.55,239.9
387,2024-02-05 14:54:00,239.95,240.15,239.1,239.4
388,2024-02-05 14:57:00,239.45,239.6,238.5,238.55
389,2024-02-05 15:00:00,238.6,240.25,238.55,240.15
390,2024-02-05 15:03:00,239.95,242.05,239.95,242.05
391,2024-02-05 15:06:00,241.95,242.45,241.55,242.15
392,2024-02-05 15:09:00,242.1,242.75,242.1,242.55
393,2024-02-05 15:12:00,242.6,242.6,241.95,241.95
394,2024-02-05 15:15:00,241.85,241.95,241.5,241.8
395,2024-02-05 15:18:00,241.75,241.9,240.55,240.85
396,2024-02-05 15:21:00,240.9,241.7,240.65,241.6
397,2024-02-05 15:24:00,241.55,241.6,241.3,241.35
398,2024-02-05 15:27:00,241.3,242.25,240.8,242.25
399,2024-02-06 09:15:00,241.65,242.15,240.2,240.85
400,2024-02-06 09:18:00,240.7,240.8,238.45,238.55
401,2024-02-06 09:21:00,238.65,238.65,236.05,236.8
402,2024-02-06 09:24:00,236.95,238.8,236.35,237.9
403,2024-02-06 09:27:00,238.0,238.25,236.7,236.9
404,2024-02-06 09:30:00,236.85,237.85,236.3,237.5
405,2024-02-06 09:33:00,237.55,237.9,237.05,237.25
406,2024-02-06 09:36:00,237.2,237.6,236.65,237.6
407,2024-02-06 09:39:00,237.7,237.85,235.1,235.95
408,2024-02-06 09:42:00,236.1,237.3,235.95,237.25
409,2024-02-06 09:45:00,237.1,237.3,236.6,236.9
410,2024-02-06 09:48:00,237.0,237.7,236.55,237.55
411,2024-02-06 09:51:00,237.6,238.8,237.2,238.8
412,2024-02-06 09:54:00,238.7,238.95,238.25,238.7
413,2024-02-06 09:57:00,238.6,238.8,237.85,238.1
414,2024-02-06 10:00:00,238.2,238.8,238.05,238.55
415,2024-02-06 10:03:00,238.6,238.65,237.3,237.35
416,2024-02-06 10:06:00,237.3,238.0,237.2,237.55
417,2024-02-06 10:09:00,237.7,237.75,237.45,237.7
418,2024-02-06 10:12:00,237.55,238.2,237.15,238.0
419,2024-02-06 10:15:00,238.05,238.3,237.6,238.05
420,2024-02-06 10:18:00,238.1,238.1,237.1,237.4
421,2024-02-06 10:21:00,237.35,237.9,237.25,237.55
422,2024-02-06 10:24:00,237.5,237.7,236.8,237.0
423,2024-02-06 10:27:00,236.95,237.1,236.2,236.2
424,2024-02-06 10:30:00,236.25,236.25,235.0,235.35
425,2024-02-06 10:33:00,235.45,236.25,235.3,236.05
426,2024-02-06 10:36:00,236.15,236.95,235.8,236.8
427,2024-02-06 10:39:00,236.7,237.65,236.7,237.65
428,2024-02-06 10:42:00,237.6,238.05,237.35,237.7
429,2024-02-06 10:45:00,237.75,238.05,237.6,238.0
430,2024-02-06 10:48:00,238.05,238.55,238.0,238.0
431,2024-02-06 10:51:00,237.95,237.95,237.25,237.3
432,2024-02-06 10:54:00,237.35,237.35,236.15,236.2
433,2024-02-06 10:57:00,236.25,236.35,235.85,236.0
434,2024-02-06 11:00:00,236.05,236.2,235.8,235.85
435,2024-02-06 11:03:00,235.8,236.05,235.3,235.75
436,2024-02-06 11:06:00,235.65,236.0,235.45,235.9
437,2024-02-06 11:09:00,236.0,237.25,235.85,236.25
438,2024-02-06 11:12:00,236.3,236.4,235.95,236.0
439,2024-02-06 11:15:00,236.1,236.1,235.55,235.75
440,2024-02-06 11:18:00,235.8,236.15,235.75,236.15
441,2024-02-06 11:21:00,236.1,236.4,236.0,236.15
442,2024-02-06 11:24:00,236.05,236.4,236.0,236.25
443,2024-02-06 11:27:00,236.2,236.3,236.0,236.15
444,2024-02-06 11:30:00,236.05,236.3,236.05,236.15
445,2024-02-06 11:33:00,236.3,236.8,236.25,236.4
446,2024-02-06 11:36:00,236.5,236.7,236.35,236.55
447,2024-02-06 11:39:00,236.6,236.6,236.3,236.45
448,2024-02-06 11:42:00,236.4,236.65,236.35,236.55
449,2024-02-06 11:45:00,236.5,236.65,236.05,236.15
450,2024-02-06 11:48:00,236.2,236.3,236.15,236.15
451,2024-02-06 11:51:00,236.2,236.5,235.85,235.95
452,2024-02-06 11:54:00,235.9,236.0,235.7,235.95
453,2024-02-06 11:57:00,236.0,236.9,235.8,236.75
454,2024-02-06 12:00:00,236.55,236.75,236.5,236.6
455,2024-02-06 12:03:00,236.5,236.8,236.5,236.75
456,2024-02-06 12:06:00,236.65,237.0,236.6,236.9
457,2024-02-06 12:09:00,236.95,237.15,236.9,237.05
458,2024-02-06 12:12:00,237.0,237.25,237.0,237.15
459,2024-02-06 12:15:00,237.1,237.25,236.8,236.85
460,2024-02-06 12:18:00,236.95,237.0,236.75,236.8
461,2024-02-06 12:21:00,236.9,236.9,236.35,236.35
462,2024-02-06 12:24:00,236.4,236.4,236.0,236.1
463,2024-02-06 12:27:00,236.2,236.2,235.9,235.95
464,2024-02-06 12:30:00,236.0,236.25,235.9,236.2
465,2024-02-06 12:33:00,236.15,236.6,236.15,236.4
466,2024-02-06 12:36:00,236.45,236.9,236.3,236.8
467,2024-02-06 12:39:00,236.7,237.1,236.7,237.05
468,2024-02-06 12:42:00,237.1,237.25,236.85,237.25
469,2024-02-06 12:45:00,237.15,237.8,237.15,237.65
470,2024-02-06 12:48:00,237.7,237.7,237.45,237.55
471,2024-02-06 12:51:00,237.6,237.6,237.3,237.35
472,2024-02-06 12:54:00,237.25,237.55,237.25,237.3
473,2024-02-06 12:57:00,237.4,237.5,237.1,237.4
474,2024-02-06 13:00:00,237.35,238.3,237.3,238.25
475,2024-02-06 13:03:00,238.1,238.3,237.7,237.9
476,2024-02-06 13:06:00,237.8,237.95,237.65,237.85
477,2024-02-06 13:09:00,237.8,238.3,237.8,238.05
478,2024-02-06 13:12:00,238.1,238.1,237.65,237.75
479,2024-02-06 13:15:00,237.8,237.95,237.55,237.7
480,2024-02-06 13:18:00,237.75,237.9,237.5,237.8
481,2024-02-06 13:21:00,237.85,237.95,237.65,237.65
482,2024-02-06 13:24:00,237.8,237.95,237.6,237.75
483,2024-02-06 13:27:00,237.65,237.8,237.6,237.7
484,2024-02-06 13:30:00,237.8,237.85,237.2,237.55
485,2024-02-06 13:33:00,237.5,237.65,237.15,237.5
486,2024-02-06 13:36:00,237.4,237.5,236.55,237.35
487,2024-02-06 13:39:00,237.45,237.75,237.15,237.6
488,2024-02-06 13:42:00,237.7,237.7,237.4,237.55
489,2024-02-06 13:45:00,237.5,237.7,237.4,237.65
490,2024-02-06 13:48:00,237.55,237.85,237.55,237.75
491,2024-02-06 13:51:00,237.85,237.95,237.75,237.9
492,2024-02-06 13:54:00,237.95,238.25,237.65,238.15
493,2024-02-06 13:57:00,238.2,238.25,237.8,237.85
494,2024-02-06 14:00:00,237.9,238.2,237.8,237.9
495,2024-02-06 14:03:00,237.85,239.2,237.8,238.7
496,2024-02-06 14:06:00,238.8,239.7,238.45,239.4
497,2024-02-06 14:09:00,239.55,240.55,239.05,240.1
498,2024-02-06 14:12:00,240.15,240.25,238.9,239.15
499,2024-02-06 14:15:00,239.2,240.4,239.0,240.35
500,2024-02-06 14:18:00,240.2,241.4,240.0,240.4
501,2024-02-06 14:21:00,240.35,241.0,240.0,240.95
502,2024-02-06 14:24:00,240.9,242.4,240.75,242.4
503,2024-02-06 14:27:00,242.45,242.45,241.95,242.2
504,2024-02-06 14:30:00,242.25,243.4,242.1,243.1
505,2024-02-06 14:33:00,243.0,243.45,242.85,243.15
506,2024-02-06 14:36:00,243.1,243.1,242.7,242.95
507,2024-02-06 14:39:00,243.0,243.0,242.25,242.9
508,2024-02-06 14:42:00,242.85,243.0,242.65,243.0
509,2024-02-06 14:45:00,242.9,243.0,242.55,242.65
510,2024-02-06 14:48:00,242.7,243.0,242.7,242.8
511,2024-02-06 14:51:00,242.75,242.85,242.7,242.8
512,2024-02-06 14:54:00,242.85,242.85,242.25,242.75
513,2024-02-06 14:57:00,242.7,243.3,242.7,243.25
514,2024-02-06 15:00:00,243.3,243.7,243.15,243.25
515,2024-02-06 15:03:00,243.2,243.65,243.15,243.5
516,2024-02-06 15:06:00,243.6,243.6,242.75,243.25
517,2024-02-06 15:09:00,243.3,244.15,243.05,244.1
518,2024-02-06 15:12:00,244.0,244.1,243.3,243.6
519,2024-02-06 15:15:00,243.7,244.1,243.5,244.05
520,2024-02-06 15:18:00,244.0,244.35,243.8,244.3
521,2024-02-06 15:21:00,244.25,244.35,243.2,243.6
522,2024-02-06 15:24:00,243.65,243.7,243.2,243.7
523,2024-02-06 15:27:00,243.4,243.7,242.55,242.9
524,2024-02-07 09:15:00,245.9,245.9,244.2,245.2
525,2024-02-07 09:18:00,245.05,246.25,244.85,245.0
526,2024-02-07 09:21:00,245.1,245.1,243.8,243.95
527,2024-02-07 09:24:00,243.9,246.2,243.65,245.55
528,2024-02-07 09:27:00,245.35,246.6,245.35,246.6
529,2024-02-07 09:30:00,246.5,246.9,245.8,246.6
530,2024-02-07 09:33:00,246.7,246.85,245.35,245.8
531,2024-02-07 09:36:00,245.75,246.1,244.85,245.05
532,2024-02-07 09:39:00,245.2,245.25,244.25,244.5
533,2024-02-07 09:42:00,244.65,244.65,243.6,243.7
534,2024-02-07 09:45:00,243.75,243.9,242.45,242.55
535,2024-02-07 09:48:00,242.6,243.45,242.4,243.25
536,2024-02-07 09:51:00,243.4,243.6,242.45,242.55
537,2024-02-07 09:54:00,242.5,244.0,242.45,243.4
538,2024-02-07 09:57:00,243.3,244.45,243.3,244.2
539,2024-02-07 10:00:00,244.25,244.55,244.05,244.25
540,2024-02-07 10:03:00,244.3,244.45,243.7,244.0
541,2024-02-07 10:06:00,244.05,245.35,243.95,245.1
542,2024-02-07 10:09:00,245.15,245.3,244.6,244.6
543,2024-02-07 10:12:00,244.7,245.3,244.55,245.3
544,2024-02-07 10:15:00,245.25,245.65,245.15,245.6
545,2024-02-07 10:18:00,245.5,245.6,244.95,245.15
546,2024-02-07 10:21:00,245.2,245.9,245.1,245.7
547,2024-02-07 10:24:00,245.8,246.25,245.7,246.0
548,2024-02-07 10:27:00,246.1,246.3,245.8,246.15
549,2024-02-07 10:30:00,246.1,246.8,246.0,246.45
550,2024-02-07 10:33:00,246.4,246.5,245.55,246.1
551,2024-02-07 10:36:00,246.0,246.1,244.8,244.95
552,2024-02-07 10:39:00,244.85,245.0,244.5,244.5
553,2024-02-07 10:42:00,244.6,244.6,243.7,243.75
554,2024-02-07 10:45:00,243.8,244.95,243.6,244.85
555,2024-02-07 10:48:00,244.8,245.65,244.65,245.1
556,2024-02-07 10:51:00,245.15,245.5,245.0,245.15
557,2024-02-07 10:54:00,245.1,245.15,244.55,244.8
558,2024-02-07 10:57:00,244.75,245.2,244.65,244.65
559,2024-02-07 11:00:00,244.75,244.95,244.35,244.6
560,2024-02-07 11:03:00,244.5,244.6,243.7,243.75
561,2024-02-07 11:06:00,243.7,243.9,243.1,243.2
562,2024-02-07 11:09:00,243.25,243.25,242.8,243.05
563,2024-02-07 11:12:00,243.1,243.6,243.1,243.45
564,2024-02-07 11:15:00,243.5,243.65,243.1,243.3
565,2024-02-07 11:18:00,243.25,243.4,242.85,243.05
566,2024-02-07 11:21:00,243.1,243.15,242.0,242.05
567,2024-02-07 11:24:00,242.15,242.25,241.65,241.7
568,2024-02-07 11:27:00,241.65,242.2,241.4,241.65
569,2024-02-07 11:30:00,241.5,241.65,240.05,240.3
570,2024-02-07 11:33:00,240.2,241.15,240.0,241.1
571,2024-02-07 11:36:00,241.15,241.55,240.5,240.9
572,2024-02-07 11:39:00,240.95,241.65,240.6,241.3
573,2024-02-07 11:42:00,241.2,242.1,241.1,241.65
574,2024-02-07 11:45:00,241.6,241.65,241.25,241.45
575,2024-02-07 11:48:00,241.4,241.95,241.2,241.5
576,2024-02-07 11:51:00,241.6,241.95,241.25,241.6
577,2024-02-07 11:54:00,241.65,241.75,240.7,240.85
578,2024-02-07 11:57:00,240.8,241.15,240.35,241.15
579,2024-02-07 12:00:00,241.2,241.4,240.85,241.1
580,2024-02-07 12:03:00,241.05,241.55,240.9,241.2
581,2024-02-07 12:06:00,241.25,241.7,241.2,241.45
582,2024-02-07 12:09:00,241.5,241.7,241.25,241.55
583,2024-02-07 12:12:00,241.65,241.7,240.95,241.1
584,2024-02-07 12:15:00,241.15,241.85,241.15,241.45
585,2024-02-07 12:18:00,241.55,241.7,241.3,241.55
586,2024-02-07 12:21:00,241.65,242.4,241.45,242.0
587,2024-02-07 12:24:00,242.1,242.25,241.7,241.95
588,2024-02-07 12:27:00,242.0,242.35,241.9,241.95
589,2024-02-07 12:30:00,242.0,242.05,241.85,241.85
590,2024-02-07 12:33:00,242.0,242.25,241.9,242.0
591,2024-02-07 12:36:00,242.05,242.05,241.4,241.6
592,2024-02-07 12:39:00,241.65,241.95,241.55,241.85
593,2024-02-07 12:42:00,241.95,242.0,241.55,241.7
594,2024-02-07 12:45:00,241.8,242.2,241.75,242.0
595,2024-02-07 12:48:00,242.05,242.45,241.9,241.9
596,2024-02-07 12:51:00,241.95,242.5,241.7,242.2
597,2024-02-07 12:54:00,242.3,242.7,242.0,242.7
598,2024-02-07 12:57:00,242.75,243.2,242.4,243.1
599,2024-02-07 13:00:00,243.05,243.1,242.5,242.5
600,2024-02-07 13:03:00,242.65,242.65,242.4,242.55
601,2024-02-07 13:06:00,242.5,242.75,242.5,242.55
602,2024-02-07 13:09:00,242.6,242.65,241.35,241.35
603,2024-02-07 13:12:00,241.3,241.4,241.1,241.25
604,2024-02-07 13:15:00,241.3,242.0,240.95,241.85
605,2024-02-07 13:18:00,241.9,242.0,241.75,241.75
606,2024-02-07 13:21:00,241.95,242.15,241.85,242.0
607,2024-02-07 13:24:00,242.15,242.2,241.95,241.95
608,2024-02-07 13:27:00,242.0,242.05,241.65,241.7
609,2024-02-07 13:30:00,241.8,242.5,241.7,242.35
610,2024-02-07 13:33:00,242.4,242.4,242.05,242.1
611,2024-02-07 13:36:00,242.2,242.85,242.1,242.85
612,2024-02-07 13:39:00,242.7,242.95,242.65,242.8
613,2024-02-07 13:42:00,242.9,242.9,242.65,242.7
614,2024-02-07 13:45:00,242.65,242.75,242.3,242.6
615,2024-02-07 13:48:00,242.55,242.7,242.4,242.65
616,2024-02-07 13:51:00,242.7,243.0,242.65,242.95
617,2024-02-07 13:54:00,243.0,243.8,242.8,243.55
618,2024-02-07 13:57:00,243.5,243.65,243.2,243.3
619,2024-02-07 14:00:00,243.4,243.7,243.25,243.4
620,2024-02-07 14:03:00,243.5,243.7,243.2,243.25
621,2024-02-07 14:06:00,243.35,243.5,243.25,243.3
622,2024-02-07 14:09:00,243.4,243.4,242.8,243.15
623,2024-02-07 14:12:00,243.05,243.35,243.0,243.15
624,2024-02-07 14:15:00,243.2,243.6,243.15,243.35
625,2024-02-07 14:18:00,243.45,243.85,243.3,243.7
626,2024-02-07 14:21:00,243.8,243.9,243.3,243.45
627,2024-02-07 14:24:00,243.5,243.95,243.5,243.8
628,2024-02-07 14:27:00,243.9,243.9,243.6,243.7
629,2024-02-07 14:30:00,243.75,244.2,243.7,244.1
630,2024-02-07 14:33:00,244.15,244.15,243.4,243.55
631,2024-02-07 14:36:00,243.6,244.05,243.5,243.65
632,2024-02-07 14:39:00,243.5,243.95,243.25,243.75
633,2024-02-07 14:42:00,243.8,244.1,243.75,244.0
634,2024-02-07 14:45:00,244.1,244.15,243.9,243.95
635,2024-02-07 14:48:00,243.9,245.85,243.9,244.75
636,2024-02-07 14:51:00,244.8,245.35,244.0,245.25
637,2024-02-07 14:54:00,245.35,245.4,244.6,244.7
638,2024-02-07 14:57:00,244.75,244.75,243.65,243.7
639,2024-02-07 15:00:00,243.8,244.25,243.7,243.95
640,2024-02-07 15:03:00,244.0,244.15,242.7,242.8
641,2024-02-07 15:06:00,242.85,243.6,242.6,243.4
642,2024-02-07 15:09:00,243.45,244.0,243.35,243.5
643,2024-02-07 15:12:00,243.55,244.0,243.3,243.35
644,2024-02-07 15:15:00,243.4,243.55,243.25,243.55
645,2024-02-07 15:18:00,243.6,243.65,243.2,243.3
646,2024-02-07 15:21:00,243.25,243.5,243.25,243.4
647,2024-02-07 15:24:00,243.45,243.8,243.25,243.65
648,2024-02-07 15:27:00,243.9,244.2,243.1,243.9
649,2024-02-08 09:15:00,244.7,245.4,244.5,244.95
650,2024-02-08 09:18:00,244.9,245.2,243.75,244.35
651,2024-02-08 09:21:00,244.25,244.85,244.0,244.35
652,2024-02-08 09:24:00,244.25,245.2,244.1,244.85
653,2024-02-08 09:27:00,244.8,245.25,244.6,244.8
654,2024-02-08 09:30:00,244.75,244.9,243.55,243.6
655,2024-02-08 09:33:00,243.55,244.15,243.4,244.0
656,2024-02-08 09:36:00,243.95,245.55,243.85,244.9
657,2024-02-08 09:39:00,244.75,244.75,244.1,244.3
658,2024-02-08 09:42:00,244.15,244.2,243.5,243.65
659,2024-02-08 09:45:00,243.7,243.75,243.15,243.75
660,2024-02-08 09:48:00,243.65,244.6,243.4,244.45
661,2024-02-08 09:51:00,244.3,245.25,244.15,245.2
662,2024-02-08 09:54:00,245.0,245.0,244.55,244.55
663,2024-02-08 09:57:00,244.7,244.9,244.05,244.05
664,2024-02-08 10:00:00,244.15,244.85,243.8,244.7
665,2024-02-08 10:03:00,244.8,245.25,244.7,245.15
666,2024-02-08 10:06:00,245.05,245.45,244.6,244.6
667,2024-02-08 10:09:00,244.55,244.65,244.0,244.25
668,2024-02-08 10:12:00,244.2,245.4,244.2,245.15
669,2024-02-08 10:15:00,245.1,245.25,244.1,244.25
670,2024-02-08 10:18:00,244.15,244.25,243.8,244.1
671,2024-02-08 10:21:00,244.15,244.4,243.6,244.35
672,2024-02-08 10:24:00,244.3,244.55,244.1,244.4
673,2024-02-08 10:27:00,244.5,244.75,244.25,244.35
674,2024-02-08 10:30:00,244.25,244.75,244.15,244.45
675,2024-02-08 10:33:00,244.55,244.55,244.1,244.25
676,2024-02-08 10:36:00,244.15,244.25,243.95,244.0
677,2024-02-08 10:39:00,243.95,243.95,243.05,243.15
678,2024-02-08 10:42:00,243.25,243.5,243.05,243.45
679,2024-02-08 10:45:00,243.35,243.75,243.15,243.3
680,2024-02-08 10:48:00,243.25,243.75,243.15,243.65
681,2024-02-08 10:51:00,243.6,243.75,243.2,243.35
682,2024-02-08 10:54:00,243.3,243.75,243.25,243.55
683,2024-02-08 10:57:00,243.5,243.55,242.15,242.2
684,2024-02-08 11:00:00,242.1,242.6,241.7,241.7
685,2024-02-08 11:03:00,241.75,241.75,240.6,241.0
686,2024-02-08 11:06:00,240.85,241.75,240.85,241.45
687,2024-02-08 11:09:00,241.3,242.1,241.15,242.0
688,2024-02-08 11:12:00,242.05,242.35,241.8,242.0
689,2024-02-08 11:15:00,241.85,242.1,241.5,241.7
690,2024-02-08 11:18:00,241.85,242.1,241.6,241.6
691,2024-02-08 11:21:00,241.75,242.05,241.5,241.65
692,2024-02-08 11:24:00,241.7,242.0,241.55,241.85
693,2024-02-08 11:27:00,241.8,242.15,241.6,241.8
694,2024-02-08 11:30:00,241.95,241.95,241.5,241.65
695,2024-02-08 11:33:00,241.55,242.15,241.5,242.1
696,2024-02-08 11:36:00,242.15,242.65,242.0,242.4
697,2024-02-08 11:39:00,242.65,242.7,242.05,242.05
698,2024-02-08 11:42:00,242.1,242.6,242.05,242.3
699,2024-02-08 11:45:00,242.25,242.55,241.8,242.45
700,2024-02-08 11:48:00,242.5,243.1,242.35,242.8
701,2024-02-08 11:51:00,242.75,242.95,242.5,242.8
702,2024-02-08 11:54:00,242.9,243.5,242.75,243.35
703,2024-02-08 11:57:00,243.3,243.5,243.15,243.3
704,2024-02-08 12:00:00,243.45,243.7,243.35,243.65
705,2024-02-08 12:03:00,243.7,243.7,242.95,243.1
706,2024-02-08 12:06:00,243.05,243.55,243.0,243.0
707,2024-02-08 12:09:00,242.95,243.35,242.95,243.2
708,2024-02-08 12:12:00,243.3,243.95,243.25,243.9
709,2024-02-08 12:15:00,243.8,244.0,243.7,243.9
710,2024-02-08 12:18:00,244.0,244.2,243.65,243.65
711,2024-02-08 12:21:00,243.75,243.95,243.4,243.5
712,2024-02-08 12:24:00,243.65,244.25,243.65,244.2
713,2024-02-08 12:27:00,244.25,244.5,244.0,244.25
714,2024-02-08 12:30:00,244.3,244.35,243.75,243.8
715,2024-02-08 12:33:00,243.9,244.3,243.8,243.85
716,2024-02-08 12:36:00,243.9,244.2,243.9,244.1
717,2024-02-08 12:39:00,244.15,244.35,243.75,244.35
718,2024-02-08 12:42:00,244.3,244.45,244.15,244.35
719,2024-02-08 12:45:00,244.4,244.75,244.4,244.75
720,2024-02-08 12:48:00,244.7,245.1,244.6,245.0
721,2024-02-08 12:51:00,244.9,245.5,244.85,245.05
722,2024-02-08 12:54:00,245.15,245.25,244.9,244.95
723,2024-02-08 12:57:00,244.9,245.0,244.6,245.0
724,2024-02-08 13:00:00,244.95,245.15,244.3,244.3
725,2024-02-08 13:03:00,244.25,244.65,244.0,244.45
726,2024-02-08 13:06:00,244.55,244.75,244.45,244.65
727,2024-02-08 13:09:00,244.6,244.7,244.4,244.4
728,2024-02-08 13:12:00,244.45,244.45,244.2,244.45
729,2024-02-08 13:15:00,244.4,244.7,244.4,244.65
730,2024-02-08 13:18:00,244.6,244.6,244.15,244.25
731,2024-02-08 13:21:00,244.15,244.25,243.7,243.95
732,2024-02-08 13:24:00,244.0,244.25,243.8,244.1
733,2024-02-08 13:27:00,244.0,244.8,243.85,244.6
734,2024-02-08 13:30:00,244.7,244.8,244.4,244.6
735,2024-02-08 13:33:00,244.65,244.7,244.4,244.5
736,2024-02-08 13:36:00,244.4,244.7,244.4,244.55
737,2024-02-08 13:39:00,244.65,245.0,244.55,244.95
738,2024-02-08 13:42:00,245.0,245.0,244.65,244.75
739,2024-02-08 13:45:00,244.8,244.95,244.6,244.75
740,2024-02-08 13:48:00,244.8,245.25,244.75,244.9
741,2024-02-08 13:51:00,245.0,245.2,244.55,244.8
742,2024-02-08 13:54:00,244.9,245.15,244.8,245.0
743,2024-02-08 13:57:00,244.95,245.7,244.9,245.65
744,2024-02-08 14:00:00,245.55,246.4,245.55,245.9
745,2024-02-08 14:03:00,246.1,246.1,245.1,245.1
746,2024-02-08 14:06:00,245.15,245.6,244.9,245.45
747,2024-02-08 14:09:00,245.5,245.7,245.35,245.55
748,2024-02-08 14:12:00,245.5,245.6,244.75,244.9
749,2024-02-08 14:15:00,244.95,244.95,244.5,244.85
750,2024-02-08 14:18:00,244.9,245.3,244.9,245.0
751,2024-02-08 14:21:00,244.9,245.5,244.75,245.45
752,2024-02-08 14:24:00,245.5,246.35,245.45,245.95
753,2024-02-08 14:27:00,245.9,246.0,245.55,245.6
754,2024-02-08 14:30:00,245.75,245.75,244.4,244.7
755,2024-02-08 14:33:00,245.0,245.0,244.25,244.3
756,2024-02-08 14:36:00,244.4,244.75,244.1,244.5
757,2024-02-08 14:39:00,244.35,244.65,244.2,244.3
758,2024-02-08 14:42:00,244.35,244.55,244.05,244.05
759,2024-02-08 14:45:00,244.1,244.35,244.0,244.05
760,2024-02-08 14:48:00,244.15,244.35,244.05,244.3
761,2024-02-08 14:51:00,244.2,244.55,243.95,244.25
762,2024-02-08 14:54:00,244.3,244.35,244.1,244.2
763,2024-02-08 14:57:00,244.25,244.3,243.65,243.8
764,2024-02-08 15:00:00,243.95,244.2,243.5,243.55
765,2024-02-08 15:03:00,243.5,244.25,243.5,244.05
766,2024-02-08 15:06:00,244.0,245.0,244.0,244.9
767,2024-02-08 15:09:00,244.95,245.3,244.6,244.6
768,2024-02-08 15:12:00,244.65,244.75,244.4,244.45
769,2024-02-08 15:15:00,244.4,244.55,244.1,244.15
770,2024-02-08 15:18:00,244.25,244.35,244.0,244.05
771,2024-02-08 15:21:00,244.15,244.5,244.1,244.25
772,2024-02-08 15:24:00,244.3,244.7,244.2,244.55
773,2024-02-08 15:27:00,244.6,244.7,244.0,244.5
774,2024-02-09 09:15:00,244.3,245.0,243.0,243.1
775,2024-02-09 09:18:00,242.9,243.6,242.0,242.9
776,2024-02-09 09:21:00,242.95,244.0,242.55,243.8
777,2024-02-09 09:24:00,243.7,244.3,243.25,243.4
778,2024-02-09 09:27:00,243.55,244.2,243.1,243.2
779,2024-02-09 09:30:00,243.1,243.35,241.9,242.3
780,2024-02-09 09:33:00,242.2,242.55,241.65,241.65
781,2024-02-09 09:36:00,241.6,242.15,240.9,241.0
782,2024-02-09 09:39:00,240.95,241.15,239.3,239.5
783,2024-02-09 09:42:00,239.45,240.95,239.45,240.1
784,2024-02-09 09:45:00,240.15,240.4,239.2,239.8
785,2024-02-09 09:48:00,239.9,239.95,238.45,238.5
786,2024-02-09 09:51:00,238.4,239.2,238.1,238.3
787,2024-02-09 09:54:00,238.15,238.75,237.8,238.2
788,2024-02-09 09:57:00,238.05,238.8,237.15,237.15
789,2024-02-09 10:00:00,237.2,237.55,236.2,237.1
790,2024-02-09 10:03:00,237.15,239.15,236.5,239.15
791,2024-02-09 10:06:00,239.0,240.15,238.75,240.0
792,2024-02-09 10:09:00,240.05,240.55,239.3,240.35
793,2024-02-09 10:12:00,240.3,240.9,239.65,240.65
794,2024-02-09 10:15:00,240.55,241.0,239.9,240.15
795,2024-02-09 10:18:00,240.05,240.7,239.7,240.1
796,2024-02-09 10:21:00,240.2,240.55,239.8,240.25
797,2024-02-09 10:24:00,240.3,240.3,238.0,238.0
798,2024-02-09 10:27:00,238.15,239.25,238.15,238.6
799,2024-02-09 10:30:00,238.75,239.2,238.2,238.4
800,2024-02-09 10:33:00,238.25,238.7,237.7,237.85
801,2024-02-09 10:36:00,237.9,238.25,237.3,238.15
802,2024-02-09 10:39:00,238.05,238.5,237.7,238.25
803,2024-02-09 10:42:00,238.1,238.15,237.45,237.6
804,2024-02-09 10:45:00,237.55,237.6,236.35,236.75
805,2024-02-09 10:48:00,236.65,238.1,236.5,237.05
806,2024-02-09 10:51:00,237.1,237.3,236.3,236.85
807,2024-02-09 10:54:00,236.9,236.95,235.6,236.0
808,2024-02-09 10:57:00,235.95,236.9,235.3,236.1
809,2024-02-09 11:00:00,235.9,236.3,234.55,234.8
810,2024-02-09 11:03:00,234.7,235.2,234.15,234.5
811,2024-02-09 11:06:00,234.65,236.1,234.5,236.0
812,2024-02-09 11:09:00,236.1,236.5,235.2,236.25
813,2024-02-09 11:12:00,236.5,236.85,235.75,235.8
814,2024-02-09 11:15:00,235.75,236.3,234.85,235.25
815,2024-02-09 11:18:00,235.15,235.35,233.75,234.35
816,2024-02-09 11:21:00,234.2,235.45,234.2,234.6
817,2024-02-09 11:24:00,234.7,235.05,234.2,234.2
818,2024-02-09 11:27:00,234.35,235.2,233.75,234.85
819,2024-02-09 11:30:00,235.0,236.0,234.9,235.95
820,2024-02-09 11:33:00,235.9,236.4,235.7,236.05
821,2024-02-09 11:36:00,236.0,236.45,235.85,236.3
822,2024-02-09 11:39:00,236.15,237.2,235.85,237.0
823,2024-02-09 11:42:00,236.95,237.2,236.6,237.0
824,2024-02-09 11:45:00,237.05,237.2,236.55,237.15
825,2024-02-09 11:48:00,237.05,237.65,237.05,237.55
826,2024-02-09 11:51:00,237.6,237.6,236.5,236.75
827,2024-02-09 11:54:00,236.85,237.1,236.35,236.95
828,2024-02-09 11:57:00,237.0,237.45,237.0,237.3
829,2024-02-09 12:00:00,237.2,237.45,236.9,236.9
830,2024-02-09 12:03:00,237.05,237.35,236.8,237.3
831,2024-02-09 12:06:00,237.35,237.65,236.85,237.6
832,2024-02-09 12:09:00,237.65,237.7,237.25,237.3
833,2024-02-09 12:12:00,237.4,237.4,237.0,237.35
834,2024-02-09 12:15:00,237.45,237.65,237.1,237.55
835,2024-02-09 12:18:00,237.5,238.3,237.5,238.25
836,2024-02-09 12:21:00,238.3,238.5,238.05,238.3
837,2024-02-09 12:24:00,238.25,238.85,238.25,238.55
838,2024-02-09 12:27:00,238.5,238.95,238.3,238.7
839,2024-02-09 12:30:00,238.65,238.95,238.25,238.5
840,2024-02-09 12:33:00,238.55,239.0,238.45,238.6
841,2024-02-09 12:36:00,238.5,238.85,238.2,238.75
842,2024-02-09 12:39:00,238.65,239.25,238.6,239.25
843,2024-02-09 12:42:00,239.15,239.85,239.05,239.45
844,2024-02-09 12:45:00,239.4,240.25,239.35,240.0
845,2024-02-09 12:48:00,240.05,240.45,239.4,239.7
846,2024-02-09 12:51:00,239.55,239.9,239.4,239.7
847,2024-02-09 12:54:00,239.65,239.7,238.55,238.7
848,2024-02-09 12:57:00,238.55,239.9,238.55,239.9
849,2024-02-09 13:00:00,239.8,240.0,239.5,239.55
850,2024-02-09 13:03:00,239.65,239.9,239.35,239.5
851,2024-02-09 13:06:00,239.35,239.5,238.95,239.0
852,2024-02-09 13:09:00,238.95,239.45,238.65,239.2
853,2024-02-09 13:12:00,239.35,239.85,239.1,239.5
854,2024-02-09 13:15:00,239.35,239.6,239.0,239.25
855,2024-02-09 13:18:00,239.2,239.55,238.9,239.4
856,2024-02-09 13:21:00,239.2,239.35,238.6,239.2
857,2024-02-09 13:24:00,239.15,239.45,238.9,239.45
858,2024-02-09 13:27:00,239.35,239.5,239.15,239.3
859,2024-02-09 13:30:00,239.25,239.3,238.3,238.4
860,2024-02-09 13:33:00,238.65,238.7,237.95,238.35
861,2024-02-09 13:36:00,238.3,239.0,238.1,238.9
862,2024-02-09 13:39:00,238.75,238.95,238.55,238.7
863,2024-02-09 13:42:00,238.65,239.45,238.4,239.45
864,2024-02-09 13:45:00,239.4,239.45,238.7,238.95
865,2024-02-09 13:48:00,238.85,239.1,238.7,238.85
866,2024-02-09 13:51:00,238.8,239.45,238.7,239.25
867,2024-02-09 13:54:00,239.1,240.1,239.1,239.75
868,2024-02-09 13:57:00,239.65,239.9,239.55,239.75
869,2024-02-09 14:00:00,239.8,239.95,239.5,239.8
870,2024-02-09 14:03:00,239.75,240.6,239.75,240.35
871,2024-02-09 14:06:00,240.4,240.5,239.95,240.1
872,2024-02-09 14:09:00,240.3,240.8,239.8,240.8
873,2024-02-09 14:12:00,240.75,240.9,240.5,240.75
874,2024-02-09 14:15:00,240.7,240.9,240.5,240.6
875,2024-02-09 14:18:00,240.75,241.45,240.55,241.4
876,2024-02-09 14:21:00,241.35,241.5,241.0,241.4
877,2024-02-09 14:24:00,241.25,241.35,240.25,240.25
878,2024-02-09 14:27:00,240.2,241.0,240.1,241.0
879,2024-02-09 14:30:00,241.1,241.6,241.0,241.5
880,2024-02-09 14:33:00,241.45,241.55,240.8,241.0
881,2024-02-09 14:36:00,241.15,241.2,240.65,241.1
882,2024-02-09 14:39:00,241.05,241.3,240.85,241.3
883,2024-02-09 14:42:00,241.2,241.3,240.6,240.65
884,2024-02-09 14:45:00,240.6,241.45,240.6,241.3
885,2024-02-09 14:48:00,241.2,241.65,240.85,240.95
886,2024-02-09 14:51:00,241.0,241.1,240.65,241.0
887,2024-02-09 14:54:00,240.95,241.5,240.85,241.1
888,2024-02-09 14:57:00,241.05,241.25,240.65,240.9
889,2024-02-09 15:00:00,240.8,241.8,240.45,241.3
890,2024-02-09 15:03:00,241.25,241.8,241.2,241.8
891,2024-02-09 15:06:00,241.7,242.0,241.55,241.9
892,2024-02-09 15:09:00,241.85,241.9,241.45,241.55
893,2024-02-09 15:12:00,241.6,241.6,241.15,241.3
894,2024-02-09 15:15:00,241.35,241.6,241.25,241.6
895,2024-02-09 15:18:00,241.5,241.8,241.25,241.3
896,2024-02-09 15:21:00,241.35,241.85,241.35,241.8
897,2024-02-09 15:24:00,241.85,241.95,241.65,241.9
898,2024-02-09 15:27:00,241.85,242.0,240.75,240.75
899,2024-02-12 09:15:00,240.45,241.15,238.8,239.8
900,2024-02-12 09:18:00,239.6,243.6,239.6,243.6
901,2024-02-12 09:21:00,243.55,243.85,242.1,242.7
902,2024-02-12 09:24:00,242.65,243.3,242.1,242.35
903,2024-02-12 09:27:00,242.3,244.45,242.25,244.1
904,2024-02-12 09:30:00,244.0,244.4,243.3,243.5
905,2024-02-12 09:33:00,243.4,244.65,242.9,244.45
906,2024-02-12 09:36:00,244.4,244.6,243.45,243.65
907,2024-02-12 09:39:00,243.55,243.9,241.75,242.7
908,2024-02-12 09:42:00,242.55,243.1,241.8,241.95
909,2024-02-12 09:45:00,241.85,242.4,240.85,241.1
910,2024-02-12 09:48:00,241.15,241.5,240.2,241.1
911,2024-02-12 09:51:00,241.15,241.45,240.5,240.85
912,2024-02-12 09:54:00,240.8,240.8,239.3,239.55
913,2024-02-12 09:57:00,239.7,240.3,239.15,239.25
914,2024-02-12 10:00:00,239.05,239.25,238.4,238.65
915,2024-02-12 10:03:00,238.6,239.45,238.4,239.0
916,2024-02-12 10:06:00,238.95,239.0,237.75,237.85
917,2024-02-12 10:09:00,237.75,237.85,236.6,237.15
918,2024-02-12 10:12:00,237.1,238.05,236.8,237.0
919,2024-02-12 10:15:00,236.85,238.3,236.3,238.0
920,2024-02-12 10:18:00,238.05,238.25,236.9,237.55
921,2024-02-12 10:21:00,237.5,237.65,235.9,236.05
922,2024-02-12 10:24:00,236.1,236.1,235.05,235.8
923,2024-02-12 10:27:00,235.85,236.65,235.4,236.0
924,2024-02-12 10:30:00,235.85,237.25,235.1,236.8
925,2024-02-12 10:33:00,236.85,237.0,236.45,236.45
926,2024-02-12 10:36:00,236.65,237.2,236.0,236.95
927,2024-02-12 10:39:00,237.05,237.25,236.05,236.15
928,2024-02-12 10:42:00,236.05,236.8,235.85,236.5
929,2024-02-12 10:45:00,236.45,236.45,235.4,235.55
930,2024-02-12 10:48:00,235.5,235.65,234.75,234.85
931,2024-02-12 10:51:00,234.9,235.5,234.55,235.3
932,2024-02-12 10:54:00,235.4,235.85,234.35,234.7
933,2024-02-12 10:57:00,234.6,236.2,234.55,236.15
934,2024-02-12 11:00:00,236.1,236.3,235.35,235.65
935,2024-02-12 11:03:00,235.7,235.7,234.5,234.75
936,2024-02-12 11:06:00,234.8,235.6,234.55,235.45
937,2024-02-12 11:09:00,235.4,236.75,235.4,236.55
938,2024-02-12 11:12:00,236.4,236.9,236.0,236.0
939,2024-02-12 11:15:00,236.15,236.7,235.95,236.2
940,2024-02-12 11:18:00,236.1,236.2,235.3,235.3
941,2024-02-12 11:21:00,235.45,236.0,235.35,235.55
942,2024-02-12 11:24:00,235.65,236.15,235.5,235.65
943,2024-02-12 11:27:00,235.5,235.95,235.3,235.3
944,2024-02-12 11:30:00,235.25,236.05,235.0,235.15
945,2024-02-12 11:33:00,235.1,235.35,234.05,234.2
946,2024-02-12 11:36:00,234.3,234.5,233.1,233.85
947,2024-02-12 11:39:00,233.9,234.5,233.85,234.2
948,2024-02-12 11:42:00,234.15,234.25,233.6,233.7
949,2024-02-12 11:45:00,233.65,233.8,232.85,232.85
950,2024-02-12 11:48:00,232.75,233.4,232.75,233.1
951,2024-02-12 11:51:00,232.95,233.6,232.65,232.75
952,2024-02-12 11:54:00,232.9,233.65,232.85,233.1
953,2024-02-12 11:57:00,233.15,233.4,232.85,233.2
954,2024-02-12 12:00:00,233.05,233.3,231.8,231.95
955,2024-02-12 12:03:00,231.85,232.2,231.5,231.75
956,2024-02-12 12:06:00,231.7,232.0,231.55,231.7
957,2024-02-12 12:09:00,231.65,232.3,231.2,232.05
958,2024-02-12 12:12:00,232.15,232.5,231.95,232.3
959,2024-02-12 12:15:00,232.35,232.75,232.25,232.65
960,2024-02-12 12:18:00,232.5,233.65,232.5,233.2
961,2024-02-12 12:21:00,233.1,233.45,232.55,232.9
962,2024-02-12 12:24:00,232.85,233.15,232.0,232.15
963,2024-02-12 12:27:00,232.1,232.1,231.55,231.75
964,2024-02-12 12:30:00,231.85,232.25,231.55,231.55
965,2024-02-12 12:33:00,231.6,232.0,231.25,232.0
966,2024-02-12 12:36:00,232.1,233.35,232.1,233.2
967,2024-02-12 12:39:00,233.35,233.55,233.05,233.3
968,2024-02-12 12:42:00,233.4,233.65,232.75,232.9
969,2024-02-12 12:45:00,233.0,233.2,232.15,232.4
970,2024-02-12 12:48:00,232.3,232.35,232.0,232.0
971,2024-02-12 12:51:00,232.1,232.7,231.85,232.2
972,2024-02-12 12:54:00,232.25,232.65,232.2,232.4
973,2024-02-12 12:57:00,232.3,232.4,231.65,232.2
974,2024-02-12 13:00:00,232.15,232.15,231.05,231.05
975,2024-02-12 13:03:00,231.0,231.5,230.75,230.8
976,2024-02-12 13:06:00,231.0,231.2,230.6,230.75
977,2024-02-12 13:09:00,230.8,231.45,230.7,231.25
978,2024-02-12 13:12:00,231.35,231.5,230.85,231.15
979,2024-02-12 13:15:00,231.05,231.5,230.6,231.25
980,2024-02-12 13:18:00,231.35,231.7,231.0,231.55
981,2024-02-12 13:21:00,231.5,231.65,230.75,230.8
982,2024-02-12 13:24:00,230.75,231.0,230.65,230.7
983,2024-02-12 13:27:00,230.85,231.65,230.75,231.5
984,2024-02-12 13:30:00,231.55,232.95,231.5,232.8
985,2024-02-12 13:33:00,232.9,233.85,232.75,233.6
986,2024-02-12 13:36:00,233.65,233.7,233.0,233.15
987,2024-02-12 13:39:00,233.1,233.2,231.5,231.7
988,2024-02-12 13:42:00,231.65,232.55,231.65,232.45
989,2024-02-12 13:45:00,232.5,233.55,232.5,232.95
990,2024-02-12 13:48:00,232.9,233.4,232.65,233.2
991,2024-02-12 13:51:00,233.25,233.4,232.65,232.7
992,2024-02-12 13:54:00,232.8,233.5,232.25,233.5
993,2024-02-12 13:57:00,233.35,233.9,232.7,232.7
994,2024-02-12 14:00:00,232.8,233.0,232.3,232.8
995,2024-02-12 14:03:00,232.85,233.3,232.55,232.8
996,2024-02-12 14:06:00,232.9,233.0,232.1,232.35
997,2024-02-12 14:09:00,232.4,232.9,232.3,232.85
998,2024-02-12 14:12:00,232.8,233.4,232.45,233.3
999,2024-02-12 14:15:00,233.2,233.85,233.2,233.35
1000,2024-02-12 14:18:00,233.25,233.85,233.15,233.4
1001,2024-02-12 14:21:00,233.35,233.45,232.35,232.55
1002,2024-02-12 14:24:00,232.5,232.5,231.55,231.55
1003,2024-02-12 14:27:00,231.45,231.6,231.15,231.25
1004,2024-02-12 14:30:00,231.4,232.45,231.15,232.4
1005,2024-02-12 14:33:00,232.45,232.8,232.1,232.4
1006,2024-02-12 14:36:00,232.35,232.55,231.4,231.4
1007,2024-02-12 14:39:00,231.5,231.55,230.65,231.55
1008,2024-02-12 14:42:00,231.35,232.35,231.05,231.6
1009,2024-02-12 14:45:00,231.65,231.7,231.0,231.6
1010,2024-02-12 14:48:00,231.7,231.7,230.8,230.95
1011,2024-02-12 14:51:00,231.1,231.1,230.4,230.45
1012,2024-02-12 14:54:00,230.4,230.95,230.15,230.35
1013,2024-02-12 14:57:00,230.3,230.7,229.7,229.7
1014,2024-02-12 15:00:00,229.8,231.6,229.8,231.15
1015,2024-02-12 15:03:00,231.1,231.2,230.45,230.45
1016,2024-02-12 15:06:00,230.5,231.55,230.4,231.4
1017,2024-02-12 15:09:00,231.35,231.4,229.4,229.5
1018,2024-02-12 15:12:00,229.6,229.65,228.7,229.05
1019,2024-02-12 15:15:00,229.1,229.7,228.45,228.45
1020,2024-02-12 15:18:00,228.7,229.3,228.25,229.3
1021,2024-02-12 15:21:00,229.25,230.5,229.1,230.5
1022,2024-02-12 15:24:00,230.45,231.0,230.15,230.75
1023,2024-02-12 15:27:00,230.9,230.9,229.3,229.9
1024,2024-02-13 09:15:00,232.4,232.4,228.75,230.55
1025,2024-02-13 09:18:00,230.4,230.55,227.1,228.35
1026,2024-02-13 09:21:00,228.25,229.45,225.8,225.8
1027,2024-02-13 09:24:00,225.95,227.85,225.65,227.3
1028,2024-02-13 09:27:00,227.45,228.25,226.35,226.6
1029,2024-02-13 09:30:00,226.4,228.0,224.15,224.75
1030,2024-02-13 09:33:00,224.95,227.15,224.55,226.8
1031,2024-02-13 09:36:00,227.0,228.55,227.0,228.05
1032,2024-02-13 09:39:00,227.85,229.15,227.75,228.15
1033,2024-02-13 09:42:00,228.1,228.45,225.95,226.5
1034,2024-02-13 09:45:00,226.4,226.8,225.6,226.65
1035,2024-02-13 09:48:00,226.55,226.75,225.3,226.2
1036,2024-02-13 09:51:00,226.05,226.2,225.35,225.8
1037,2024-02-13 09:54:00,225.7,228.15,225.65,228.0
1038,2024-02-13 09:57:00,228.05,228.7,227.8,228.7
1039,2024-02-13 10:00:00,228.5,228.75,227.6,227.9
1040,2024-02-13 10:03:00,227.85,228.15,227.2,228.0
1041,2024-02-13 10:06:00,227.95,229.75,227.95,229.0
1042,2024-02-13 10:09:00,229.1,229.8,228.7,229.1
1043,2024-02-13 10:12:00,229.0,229.25,228.15,228.85
1044,2024-02-13 10:15:00,228.7,228.85,226.8,227.0
1045,2024-02-13 10:18:00,227.05,227.25,226.1,226.5
1046,2024-02-13 10:21:00,226.6,227.1,226.35,226.95
1047,2024-02-13 10:24:00,226.85,227.5,226.4,227.5
1048,2024-02-13 10:27:00,227.45,228.45,227.35,228.1
1049,2024-02-13 10:30:00,227.95,228.6,227.8,228.1
1050,2024-02-13 10:33:00,228.25,228.5,227.7,227.9
1051,2024-02-13 10:36:00,227.8,227.9,227.05,227.65
1052,2024-02-13 10:39:00,227.8,228.0,226.6,226.75
1053,2024-02-13 10:42:00,226.7,228.6,226.7,228.5
1054,2024-02-13 10:45:00,228.45,228.75,228.05,228.6
1055,2024-02-13 10:48:00,228.5,229.1,228.45,228.8
1056,2024-02-13 10:51:00,228.85,229.6,228.8,229.55
1057,2024-02-13 10:54:00,229.5,230.05,229.15,229.5
1058,2024-02-13 10:57:00,229.55,229.7,228.7,229.1
1059,2024-02-13 11:00:00,229.05,229.6,228.9,229.45
1060,2024-02-13 11:03:00,229.55,229.6,229.1,229.5
1061,2024-02-13 11:06:00,229.55,230.0,229.1,229.1
1062,2024-02-13 11:09:00,229.25,229.8,229.2,229.4
1063,2024-02-13 11:12:00,229.35,230.4,229.3,230.1
1064,2024-02-13 11:15:00,230.15,230.15,228.75,229.15
1065,2024-02-13 11:18:00,229.05,229.05,228.15,228.55
1066,2024-02-13 11:21:00,228.6,228.6,227.9,228.2
1067,2024-02-13 11:24:00,228.1,228.65,228.0,228.3
1068,2024-02-13 11:27:00,228.25,228.4,228.0,228.05
1069,2024-02-13 11:30:00,227.95,228.3,227.1,228.3
1070,2024-02-13 11:33:00,228.35,228.8,228.1,228.35
1071,2024-02-13 11:36:00,228.25,228.25,227.25,227.65
1072,2024-02-13 11:39:00,227.6,227.65,226.3,226.5
1073,2024-02-13 11:42:00,226.35,227.5,226.25,227.15
1074,2024-02-13 11:45:00,227.1,227.25,226.8,227.05
1075,2024-02-13 11:48:00,227.0,227.65,226.85,227.6
1076,2024-02-13 11:51:00,227.55,228.3,227.25,227.5
1077,2024-02-13 11:54:00,227.4,228.0,227.4,227.95
1078,2024-02-13 11:57:00,227.85,228.2,227.7,227.85
1079,2024-02-13 12:00:00,227.8,227.95,227.25,227.6
1080,2024-02-13 12:03:00,227.55,227.55,226.5,226.5
1081,2024-02-13 12:06:00,226.55,227.1,226.3,226.8
1082,2024-02-13 12:09:00,226.7,227.05,226.45,226.85
1083,2024-02-13 12:12:00,227.0,227.0,225.6,225.75
1084,2024-02-13 12:15:00,225.8,226.2,225.55,225.85
1085,2024-02-13 12:18:00,225.8,226.0,225.5,225.7
1086,2024-02-13 12:21:00,225.65,225.8,225.25,225.3
1087,2024-02-13 12:24:00,225.45,225.65,225.0,225.05
1088,2024-02-13 12:27:00,225.0,225.3,224.75,225.3
1089,2024-02-13 12:30:00,225.25,225.5,224.9,225.2
1090,2024-02-13 12:33:00,225.25,226.2,225.25,225.65
1091,2024-02-13 12:36:00,225.7,225.7,224.9,225.4
1092,2024-02-13 12:39:00,225.45,225.8,225.15,225.35
1093,2024-02-13 12:42:00,225.3,225.7,225.15,225.6
1094,2024-02-13 12:45:00,225.55,226.4,225.45,226.0
1095,2024-02-13 12:48:00,225.95,226.05,225.15,225.5
1096,2024-02-13 12:51:00,225.45,225.9,225.25,225.9
1097,2024-02-13 12:54:00,225.85,226.2,225.65,225.8
1098,2024-02-13 12:57:00,225.75,226.5,225.45,226.5
1099,2024-02-13 13:00:00,226.45,227.15,226.45,227.1
1100,2024-02-13 13:03:00,227.15,227.75,226.9,227.0
1101,2024-02-13 13:06:00,226.95,227.0,226.3,226.6
1102,2024-02-13 13:09:00,226.5,227.0,226.45,226.9
1103,2024-02-13 13:12:00,226.8,227.0,226.15,226.2
1104,2024-02-13 13:15:00,226.25,226.5,225.85,226.5
1105,2024-02-13 13:18:00,226.6,226.8,226.25,226.25
1106,2024-02-13 13:21:00,226.35,226.35,225.3,225.35
1107,2024-02-13 13:24:00,225.25,225.75,225.1,225.65
1108,2024-02-13 13:27:00,225.6,226.25,225.6,225.95
1109,2024-02-13 13:30:00,225.8,225.95,225.45,225.8
1110,2024-02-13 13:33:00,225.9,226.15,225.65,225.85
1111,2024-02-13 13:36:00,225.8,226.55,225.8,226.55
1112,2024-02-13 13:39:00,226.6,226.95,226.15,226.5
1113,2024-02-13 13:42:00,226.6,226.7,226.05,226.05
1114,2024-02-13 13:45:00,226.1,226.55,226.1,226.35
1115,2024-02-13 13:48:00,226.15,227.05,226.15,226.8
1116,2024-02-13 13:51:00,226.85,227.35,226.55,227.35
1117,2024-02-13 13:54:00,227.2,227.4,226.75,227.1
1118,2024-02-13 13:57:00,227.05,227.5,227.05,227.5
1119,2024-02-13 14:00:00,227.45,227.7,226.95,226.95
1120,2024-02-13 14:03:00,226.85,227.05,226.55,226.95
1121,2024-02-13 14:06:00,226.85,227.05,226.6,226.8
1122,2024-02-13 14:09:00,226.75,226.8,226.05,226.05
1123,2024-02-13 14:12:00,226.15,226.45,225.75,226.45
1124,2024-02-13 14:15:00,226.4,226.45,225.75,226.1
1125,2024-02-13 14:18:00,226.05,226.35,225.25,225.5
1126,2024-02-13 14:21:00,225.45,225.7,225.15,225.2
1127,2024-02-13 14:24:00,225.15,226.2,225.15,226.05
1128,2024-02-13 14:27:00,226.0,226.2,225.65,225.75
1129,2024-02-13 14:30:00,225.8,226.35,225.8,226.3
1130,2024-02-13 14:33:00,226.25,227.0,226.25,226.9
1131,2024-02-13 14:36:00,226.85,226.9,226.2,226.3
1132,2024-02-13 14:39:00,226.2,226.25,225.45,225.75
1133,2024-02-13 14:42:00,225.7,225.75,224.85,225.0
1134,2024-02-13 14:45:00,224.95,225.15,224.75,224.95
1135,2024-02-13 14:48:00,224.9,225.0,224.7,224.8
1136,2024-02-13 14:51:00,224.85,225.25,224.7,225.05
1137,2024-02-13 14:54:00,225.1,225.7,224.95,225.5
1138,2024-02-13 14:57:00,225.45,226.2,225.45,226.0
1139,2024-02-13 15:00:00,226.05,226.5,225.8,226.4
1140,2024-02-13 15:03:00,226.35,226.4,225.9,225.95
1141,2024-02-13 15:06:00,225.9,225.9,225.65,225.7
1142,2024-02-13 15:09:00,225.75,226.5,225.7,226.25
1143,2024-02-13 15:12:00,226.2,227.1,226.15,226.9
1144,2024-02-13 15:15:00,226.85,227.0,226.6,227.0
1145,2024-02-13 15:18:00,226.95,227.45,226.95,227.35
1146,2024-02-13 15:21:00,227.3,227.3,226.95,227.3
1147,2024-02-13 15:24:00,227.25,227.5,227.25,227.35
1148,2024-02-13 15:27:00,227.4,227.85,225.4,225.4
1149,2024-02-14 09:15:00,225.05,225.75,223.3,225.5
1150,2024-02-14 09:18:00,225.65,226.1,225.35,225.85
1151,2024-02-14 09:21:00,225.7,225.8,224.8,225.2
1152,2024-02-14 09:24:00,225.15,225.9,224.05,224.1
1153,2024-02-14 09:27:00,224.15,224.4,223.6,224.35
1154,2024-02-14 09:30:00,224.4,224.85,223.95,224.7
1155,2024-02-14 09:33:00,224.8,225.25,224.35,225.15
1156,2024-02-14 09:36:00,225.2,226.45,225.1,226.45
1157,2024-02-14 09:39:00,226.35,226.55,225.85,226.0
1158,2024-02-14 09:42:00,226.05,227.3,225.95,227.15
1159,2024-02-14 09:45:00,227.2,227.25,226.3,226.55
1160,2024-02-14 09:48:00,226.6,226.85,226.05,226.25
1161,2024-02-14 09:51:00,226.3,227.4,226.2,227.15
1162,2024-02-14 09:54:00,227.2,228.3,227.05,228.3
1163,2024-02-14 09:57:00,228.2,228.6,228.1,228.5
1164,2024-02-14 10:00:00,228.4,228.85,228.1,228.7
1165,2024-02-14 10:03:00,228.6,229.95,228.3,229.9
1166,2024-02-14 10:06:00,229.95,230.6,228.9,230.3
1167,2024-02-14 10:09:00,230.35,230.75,229.3,229.4
1168,2024-02-14 10:12:00,229.5,230.05,229.35,229.85
1169,2024-02-14 10:15:00,229.9,229.95,229.15,229.5
1170,2024-02-14 10:18:00,229.55,229.9,229.4,229.5
1171,2024-02-14 10:21:00,229.45,229.7,228.75,228.9
1172,2024-02-14 10:24:00,228.95,229.15,228.85,229.1
1173,2024-02-14 10:27:00,229.15,229.55,228.4,229.0
1174,2024-02-14 10:30:00,228.95,229.35,228.85,229.25
1175,2024-02-14 10:33:00,229.15,229.35,228.95,229.2
1176,2024-02-14 10:36:00,229.3,229.7,229.2,229.5
1177,2024-02-14 10:39:00,229.6,229.9,229.5,229.6
1178,2024-02-14 10:42:00,229.65,229.7,229.15,229.5
1179,2024-02-14 10:45:00,229.4,229.55,229.3,229.4
1180,2024-02-14 10:48:00,229.45,229.5,229.05,229.15
1181,2024-02-14 10:51:00,229.2,229.9,229.15,229.85
1182,2024-02-14 10:54:00,229.9,230.2,229.65,229.9
1183,2024-02-14 10:57:00,229.95,230.5,229.9,230.35
1184,2024-02-14 11:00:00,230.3,230.35,230.0,230.05
1185,2024-02-14 11:03:00,230.0,230.05,229.6,229.85
1186,2024-02-14 11:06:00,229.8,230.15,229.75,230.1
1187,2024-02-14 11:09:00,230.0,230.6,229.9,230.45
1188,2024-02-14 11:12:00,230.5,230.5,229.05,229.75
1189,2024-02-14 11:15:00,229.85,230.95,229.7,230.95
1190,2024-02-14 11:18:00,230.85,231.3,230.8,231.15
1191,2024-02-14 11:21:00,231.1,231.4,230.85,230.85
1192,2024-02-14 11:24:00,230.8,231.1,230.5,230.9
1193,2024-02-14 11:27:00,230.85,230.95,230.05,230.25
1194,2024-02-14 11:30:00,230.2,230.6,230.05,230.05
1195,2024-02-14 11:33:00,230.1,230.45,229.85,229.85
1196,2024-02-14 11:36:00,230.0,230.0,229.25,229.65
1197,2024-02-14 11:39:00,229.6,229.9,229.5,229.55
1198,2024-02-14 11:42:00,229.5,229.75,229.3,229.75
1199,2024-02-14 11:45:00,229.7,229.8,229.3,229.4
1200,2024-02-14 11:48:00,229.35,229.55,229.25,229.4
1201,2024-02-14 11:51:00,229.5,229.5,229.1,229.5
1202,2024-02-14 11:54:00,229.45,229.6,229.15,229.3
1203,2024-02-14 11:57:00,229.35,229.6,229.2,229.25
1204,2024-02-14 12:00:00,229.2,229.4,229.05,229.15
1205,2024-02-14 12:03:00,229.2,229.25,228.55,229.2
1206,2024-02-14 12:06:00,229.15,229.25,229.0,229.1
1207,2024-02-14 12:09:00,229.05,229.1,228.75,229.05
1208,2024-02-14 12:12:00,229.0,230.0,228.95,229.85
1209,2024-02-14 12:15:00,229.75,230.25,229.65,229.75
1210,2024-02-14 12:18:00,229.8,230.55,229.75,230.1
1211,2024-02-14 12:21:00,230.25,230.6,230.0,230.6
1212,2024-02-14 12:24:00,230.55,230.6,230.25,230.5
1213,2024-02-14 12:27:00,230.55,231.7,230.5,231.6
1214,2024-02-14 12:30:00,231.65,231.85,231.05,231.05
1215,2024-02-14 12:33:00,231.15,231.35,230.8,230.8
1216,2024-02-14 12:36:00,230.9,231.25,230.85,231.1
1217,2024-02-14 12:39:00,231.05,231.5,230.95,231.5
1218,2024-02-14 12:42:00,231.45,231.5,230.6,230.95
1219,2024-02-14 12:45:00,231.0,231.4,230.95,231.3
1220,2024-02-14 12:48:00,231.25,231.45,230.9,231.3
1221,2024-02-14 12:51:00,231.4,231.5,231.0,231.0
1222,2024-02-14 12:54:00,231.05,231.35,231.0,231.1
1223,2024-02-14 12:57:00,231.15,231.25,231.0,231.05
1224,2024-02-14 13:00:00,231.1,231.5,231.05,231.4
1225,2024-02-14 13:03:00,231.45,231.95,231.35,231.7
1226,2024-02-14 13:06:00,231.75,231.8,231.45,231.5
1227,2024-02-14 13:09:00,231.6,231.9,231.5,231.8
1228,2024-02-14 13:12:00,231.9,231.9,231.45,231.55
1229,2024-02-14 13:15:00,231.6,231.9,231.5,231.8
1230,2024-02-14 13:18:00,231.85,231.85,231.6,231.8
1231,2024-02-14 13:21:00,231.85,231.95,231.8,231.8
1232,2024-02-14 13:24:00,231.85,231.9,231.4,231.8
1233,2024-02-14 13:27:00,231.7,232.4,231.65,232.25
1234,2024-02-14 13:30:00,232.35,232.45,230.85,231.1
1235,2024-02-14 13:33:00,231.05,231.8,231.0,231.25
1236,2024-02-14 13:36:00,231.35,232.1,231.35,232.0
1237,2024-02-14 13:39:00,232.05,232.65,231.85,232.65
1238,2024-02-14 13:42:00,232.55,233.45,232.55,233.45
1239,2024-02-14 13:45:00,233.4,233.65,232.9,232.9
1240,2024-02-14 13:48:00,233.0,233.2,232.65,232.9
1241,2024-02-14 13:51:00,232.8,233.0,232.35,232.45
1242,2024-02-14 13:54:00,232.55,232.7,232.2,232.35
1243,2024-02-14 13:57:00,232.4,232.65,232.2,232.5
1244,2024-02-14 14:00:00,232.4,232.95,232.4,232.85
1245,2024-02-14 14:03:00,232.9,233.3,232.85,233.0
1246,2024-02-14 14:06:00,232.95,233.25,232.9,233.15
1247,2024-02-14 14:09:00,233.1,233.35,233.1,233.25
1248,2024-02-14 14:12:00,233.15,233.2,233.0,233.15
1249,2024-02-14 14:15:00,233.2,233.55,233.0,233.35
1250,2024-02-14 14:18:00,233.45,233.5,233.1,233.5
1251,2024-02-14 14:21:00,233.45,234.0,233.35,233.8
1252,2024-02-14 14:24:00,233.75,233.8,233.3,233.45
1253,2024-02-14 14:27:00,233.5,233.6,232.85,233.3
1254,2024-02-14 14:30:00,233.35,233.85,233.3,233.75
1255,2024-02-14 14:33:00,233.7,233.75,233.25,233.5
1256,2024-02-14 14:36:00,233.55,233.65,233.35,233.55
1257,2024-02-14 14:39:00,233.65,233.8,233.5,233.75
1258,2024-02-14 14:42:00,233.7,234.45,233.7,234.05
1259,2024-02-14 14:45:00,234.1,234.95,234.05,234.4
1260,2024-02-14 14:48:00,234.5,234.95,234.35,234.6
1261,2024-02-14 14:51:00,234.55,235.85,234.55,234.7
1262,2024-02-14 14:54:00,235.35,235.5,234.4,234.7
1263,2024-02-14 14:57:00,234.75,234.95,234.35,234.5
1264,2024-02-14 15:00:00,234.6,235.4,234.5,235.15
1265,2024-02-14 15:03:00,235.25,235.6,234.85,235.05
1266,2024-02-14 15:06:00,235.0,235.25,235.0,235.1
1267,2024-02-14 15:09:00,235.05,235.15,234.6,234.9
1268,2024-02-14 15:12:00,234.95,235.15,234.75,235.05
1269,2024-02-14 15:15:00,235.1,236.4,235.0,236.3
1270,2024-02-14 15:18:00,236.05,236.9,236.05,236.8
1271,2024-02-14 15:21:00,236.75,236.9,234.9,235.35
1272,2024-02-14 15:24:00,235.4,236.1,235.25,236.05
1273,2024-02-14 15:27:00,236.1,248.8,235.45,248.8
1274,2024-02-15 09:15:00,247.0,248.5,244.7,245.2
1275,2024-02-15 09:18:00,245.1,246.9,244.8,245.0
1276,2024-02-15 09:21:00,245.2,248.65,245.0,248.55
1277,2024-02-15 09:24:00,248.4,251.7,247.75,251.55
1278,2024-02-15 09:27:00,251.75,252.4,248.5,249.8
1279,2024-02-15 09:30:00,249.85,250.65,249.0,249.2
1280,2024-02-15 09:33:00,249.3,250.1,249.1,249.9
1281,2024-02-15 09:36:00,249.95,250.3,248.8,249.75
1282,2024-02-15 09:39:00,249.85,249.9,247.8,249.6
1283,2024-02-15 09:42:00,249.7,250.05,248.85,249.65
1284,2024-02-15 09:45:00,249.55,251.5,249.4,251.15
1285,2024-02-15 09:48:00,251.25,251.75,250.6,251.0
1286,2024-02-15 09:51:00,250.95,251.0,250.25,250.65
1287,2024-02-15 09:54:00,250.55,250.7,249.3,249.5
1288,2024-02-15 09:57:00,249.55,249.7,249.0,249.65
1289,2024-02-15 10:00:00,249.5,250.4,249.15,250.1
1290,2024-02-15 10:03:00,250.05,250.95,250.05,250.45
1291,2024-02-15 10:06:00,250.35,250.5,250.0,250.25
1292,2024-02-15 10:09:00,250.3,251.7,250.3,250.8
1293,2024-02-15 10:12:00,250.7,251.55,250.65,251.2
1294,2024-02-15 10:15:00,251.25,251.5,250.35,250.55
1295,2024-02-15 10:18:00,250.4,250.5,249.3,249.5
1296,2024-02-15 10:21:00,249.4,249.55,248.6,248.85
1297,2024-02-15 10:24:00,248.9,249.7,248.25,248.55
1298,2024-02-15 10:27:00,248.45,249.05,248.4,248.85
1299,2024-02-15 10:30:00,248.8,249.5,248.55,248.85
1300,2024-02-15 10:33:00,248.75,248.95,248.1,248.2
1301,2024-02-15 10:36:00,248.15,248.25,247.25,247.4
1302,2024-02-15 10:39:00,247.35,248.0,246.7,247.85
1303,2024-02-15 10:42:00,247.8,248.3,247.75,248.0
1304,2024-02-15 10:45:00,247.95,248.75,247.7,248.7
1305,2024-02-15 10:48:00,248.75,249.4,248.3,249.05
1306,2024-02-15 10:51:00,249.0,249.35,248.65,248.95
1307,2024-02-15 10:54:00,248.85,248.95,248.0,248.2
1308,2024-02-15 10:57:00,248.25,248.25,247.75,248.1
1309,2024-02-15 11:00:00,248.15,248.75,247.75,247.9
1310,2024-02-15 11:03:00,247.85,248.2,247.3,247.4
1311,2024-02-15 11:06:00,247.45,248.0,247.35,247.85
1312,2024-02-15 11:09:00,247.95,248.1,247.35,247.35
1313,2024-02-15 11:12:00,247.45,247.8,247.1,247.6
1314,2024-02-15 11:15:00,247.7,247.7,247.4,247.5
1315,2024-02-15 11:18:00,247.55,247.6,247.3,247.55
1316,2024-02-15 11:21:00,247.5,247.8,247.1,247.5
1317,2024-02-15 11:24:00,247.45,247.55,247.1,247.25
1318,2024-02-15 11:27:00,247.35,248.0,247.1,248.0
1319,2024-02-15 11:30:00,247.95,248.4,247.9,248.0
1320,2024-02-15 11:33:00,248.05,248.1,247.5,247.65
1321,2024-02-15 11:36:00,247.7,247.85,247.35,247.6
1322,2024-02-15 11:39:00,247.65,247.65,246.4,246.6
1323,2024-02-15 11:42:00,246.45,246.55,245.75,246.5
1324,2024-02-15 11:45:00,246.45,247.15,246.35,246.6
1325,2024-02-15 11:48:00,246.55,246.7,246.0,246.2
1326,2024-02-15 11:51:00,246.3,246.35,245.1,245.15
1327,2024-02-15 11:54:00,245.1,245.8,245.0,245.65
1328,2024-02-15 11:57:00,245.6,245.85,245.0,245.1
1329,2024-02-15 12:00:00,245.15,245.9,244.7,245.8
1330,2024-02-15 12:03:00,245.85,246.0,245.5,246.0
1331,2024-02-15 12:06:00,245.95,246.4,245.6,245.75
1332,2024-02-15 12:09:00,245.65,245.9,245.55,245.9
1333,2024-02-15 12:12:00,245.85,246.0,245.8,246.0
1334,2024-02-15 12:15:00,245.95,246.0,245.1,245.2
1335,2024-02-15 12:18:00,245.15,245.65,244.9,245.65
1336,2024-02-15 12:21:00,245.6,245.95,245.55,245.8
1337,2024-02-15 12:24:00,245.85,245.9,245.25,245.3
1338,2024-02-15 12:27:00,245.35,245.4,244.85,245.15
1339,2024-02-15 12:30:00,245.2,245.25,245.0,245.05
1340,2024-02-15 12:33:00,244.85,244.9,243.0,243.85
1341,2024-02-15 12:36:00,243.7,244.45,243.7,244.1
1342,2024-02-15 12:39:00,244.2,244.45,244.0,244.45
1343,2024-02-15 12:42:00,244.4,245.1,244.1,244.9
1344,2024-02-15 12:45:00,245.0,245.0,244.35,244.9
1345,2024-02-15 12:48:00,244.8,245.7,244.8,245.6
1346,2024-02-15 12:51:00,245.55,245.95,245.55,245.9
1347,2024-02-15 12:54:00,245.95,246.6,245.8,246.35
1348,2024-02-15 12:57:00,246.15,246.4,246.1,246.2
1349,2024-02-15 13:00:00,246.1,246.2,245.5,245.8
1350,2024-02-15 13:03:00,245.85,246.8,245.8,246.8
1351,2024-02-15 13:06:00,246.75,246.8,246.4,246.45
1352,2024-02-15 13:09:00,246.5,246.95,246.45,246.9
1353,2024-02-15 13:12:00,246.8,246.9,246.1,246.15
1354,2024-02-15 13:15:00,246.1,246.5,246.1,246.4
1355,2024-02-15 13:18:00,246.5,246.8,246.4,246.7
1356,2024-02-15 13:21:00,246.65,246.75,246.4,246.7
1357,2024-02-15 13:24:00,246.8,247.75,246.8,247.5
1358,2024-02-15 13:27:00,247.55,248.9,247.4,248.6
1359,2024-02-15 13:30:00,248.7,250.3,248.55,249.0
1360,2024-02-15 13:33:00,248.95,250.1,248.95,249.55
1361,2024-02-15 13:36:00,249.6,249.95,249.1,249.7
1362,2024-02-15 13:39:00,249.75,249.8,249.0,249.2
1363,2024-02-15 13:42:00,249.25,249.25,248.5,248.8
1364,2024-02-15 13:45:00,248.75,249.25,248.35,249.25
1365,2024-02-15 13:48:00,249.2,249.25,248.45,248.75
1366,2024-02-15 13:51:00,248.7,248.7,247.8,247.9
1367,2024-02-15 13:54:00,247.85,248.0,247.5,247.55
1368,2024-02-15 13:57:00,247.65,248.6,247.55,248.35
1369,2024-02-15 14:00:00,248.2,248.45,247.35,247.55
1370,2024-02-15 14:03:00,247.5,247.7,246.75,247.4
1371,2024-02-15 14:06:00,247.45,247.7,247.05,247.3
1372,2024-02-15 14:09:00,247.4,247.4,246.8,247.05
1373,2024-02-15 14:12:00,247.0,247.15,246.7,246.85
1374,2024-02-15 14:15:00,246.9,247.0,246.35,246.75
1375,2024-02-15 14:18:00,246.7,246.8,246.25,246.35
1376,2024-02-15 14:21:00,246.4,246.95,246.3,246.85
1377,2024-02-15 14:24:00,246.75,246.95,246.1,246.9
1378,2024-02-15 14:27:00,246.75,247.5,246.75,247.4
1379,2024-02-15 14:30:00,247.3,247.8,247.3,247.55
1380,2024-02-15 14:33:00,247.45,247.55,247.3,247.4
1381,2024-02-15 14:36:00,247.45,247.6,247.1,247.45
1382,2024-02-15 14:39:00,247.5,247.5,246.85,246.9
1383,2024-02-15 14:42:00,246.95,247.2,246.7,247.2
1384,2024-02-15 14:45:00,247.25,247.3,246.8,246.95
1385,2024-02-15 14:48:00,246.9,246.95,246.55,246.8
1386,2024-02-15 14:51:00,246.75,246.9,246.4,246.4
1387,2024-02-15 14:54:00,246.45,247.25,246.45,246.8
1388,2024-02-15 14:57:00,246.75,246.85,246.45,246.55
1389,2024-02-15 15:00:00,246.6,247.45,246.45,247.35
1390,2024-02-15 15:03:00,247.3,247.35,246.85,247.05
1391,2024-02-15 15:06:00,246.9,247.0,246.8,246.85
1392,2024-02-15 15:09:00,246.8,247.25,246.5,247.05
1393,2024-02-15 15:12:00,247.1,247.4,247.0,247.2
1394,2024-02-15 15:15:00,247.3,247.4,246.85,247.15
1395,2024-02-15 15:18:00,247.2,247.45,246.8,246.8
1396,2024-02-15 15:21:00,246.95,247.25,246.8,247.0
1397,2024-02-15 15:24:00,246.95,247.0,246.4,246.45
1398,2024-02-15 15:27:00,246.5,248.0,246.25,248.0
1399,2024-02-16 09:15:00,247.25,247.25,243.25,245.0
1400,2024-02-16 09:18:00,244.6,245.8,243.95,244.8
1401,2024-02-16 09:21:00,244.7,244.9,243.75,244.5
1402,2024-02-16 09:24:00,244.65,245.0,244.25,244.85
1403,2024-02-16 09:27:00,244.9,245.95,244.8,244.95
1404,2024-02-16 09:30:00,245.05,245.25,244.0,244.3
1405,2024-02-16 09:33:00,244.2,244.2,243.05,243.4
1406,2024-02-16 09:36:00,243.35,243.5,241.8,242.05
1407,2024-02-16 09:39:00,242.2,243.0,242.2,242.95
1408,2024-02-16 09:42:00,243.0,243.2,242.4,242.4
1409,2024-02-16 09:45:00,242.45,242.45,241.3,241.55
1410,2024-02-16 09:48:00,241.5,241.9,241.15,241.75
1411,2024-02-16 09:51:00,241.65,242.8,241.5,242.8
1412,2024-02-16 09:54:00,242.75,243.25,242.7,243.15
1413,2024-02-16 09:57:00,243.1,243.2,242.95,243.2
1414,2024-02-16 10:00:00,243.1,243.25,242.6,242.65
1415,2024-02-16 10:03:00,242.6,242.8,242.05,242.25
1416,2024-02-16 10:06:00,242.2,242.4,241.75,241.9
1417,2024-02-16 10:09:00,242.05,242.3,241.75,241.95
1418,2024-02-16 10:12:00,242.0,242.65,241.95,242.45
1419,2024-02-16 10:15:00,242.5,243.2,242.4,242.9
1420,2024-02-16 10:18:00,242.95,243.3,242.5,243.0
1421,2024-02-16 10:21:00,243.05,243.7,242.75,243.65
1422,2024-02-16 10:24:00,243.7,243.95,243.3,243.85
1423,2024-02-16 10:27:00,243.75,243.95,243.4,243.75
1424,2024-02-16 10:30:00,243.8,243.95,243.6,243.7
1425,2024-02-16 10:33:00,243.6,244.0,243.6,243.95
1426,2024-02-16 10:36:00,243.9,244.4,243.85,244.25
1427,2024-02-16 10:39:00,244.3,244.95,244.25,244.85
1428,2024-02-16 10:42:00,244.95,245.45,244.8,245.25
1429,2024-02-16 10:45:00,245.35,245.6,245.0,245.3
1430,2024-02-16 10:48:00,245.45,245.75,245.3,245.55
1431,2024-02-16 10:51:00,245.6,245.9,245.35,245.45
1432,2024-02-16 10:54:00,245.55,246.5,245.45,246.45
1433,2024-02-16 10:57:00,246.5,246.5,245.6,245.75
1434,2024-02-16 11:00:00,245.7,245.85,245.3,245.65
1435,2024-02-16 11:03:00,245.6,246.55,245.6,246.1
1436,2024-02-16 11:06:00,246.0,246.25,245.55,246.2
1437,2024-02-16 11:09:00,246.1,246.35,245.85,245.9
1438,2024-02-16 11:12:00,245.85,245.95,245.3,245.6
1439,2024-02-16 11:15:00,245.65,246.85,245.5,246.7
1440,2024-02-16 11:18:00,246.8,247.1,246.35,246.85
1441,2024-02-16 11:21:00,246.9,246.95,246.6,246.7
1442,2024-02-16 11:24:00,246.75,247.15,246.7,246.8
1443,2024-02-16 11:27:00,246.75,246.8,246.1,246.15
1444,2024-02-16 11:30:00,246.1,246.3,245.5,245.6
1445,2024-02-16 11:33:00,245.55,245.9,245.1,245.1
1446,2024-02-16 11:36:00,245.2,245.2,244.5,244.75
1447,2024-02-16 11:39:00,244.8,245.1,244.75,244.95
1448,2024-02-16 11:42:00,245.0,245.9,244.9,245.7
1449,2024-02-16 11:45:00,245.75,245.75,244.8,244.9
1450,2024-02-16 11:48:00,245.0,245.15,244.55,245.15
1451,2024-02-16 11:51:00,245.2,245.25,244.9,244.9
1452,2024-02-16 11:54:00,245.0,245.15,244.85,245.1
1453,2024-02-16 11:57:00,245.05,245.1,244.7,244.9
1454,2024-02-16 12:00:00,244.95,245.05,244.75,244.8
1455,2024-02-16 12:03:00,244.75,245.1,244.75,244.9
1456,2024-02-16 12:06:00,244.85,244.95,244.7,244.9
1457,2024-02-16 12:09:00,244.85,244.95,244.4,244.9
1458,2024-02-16 12:12:00,244.95,245.1,244.8,245.05
1459,2024-02-16 12:15:00,245.0,245.3,244.75,244.85
1460,2024-02-16 12:18:00,244.75,244.95,244.55,244.55
1461,2024-02-16 12:21:00,244.65,244.7,244.15,244.35
1462,2024-02-16 12:24:00,244.25,244.4,244.05,244.05
1463,2024-02-16 12:27:00,244.15,244.4,243.8,244.15
1464,2024-02-16 12:30:00,244.25,244.5,244.1,244.45
1465,2024-02-16 12:33:00,244.4,244.55,244.25,244.35
1466,2024-02-16 12:36:00,244.45,244.6,244.35,244.45
1467,2024-02-16 12:39:00,244.55,244.9,244.45,244.8
1468,2024-02-16 12:42:00,244.85,245.05,244.75,244.8
1469,2024-02-16 12:45:00,244.7,244.8,244.45,244.5
1470,2024-02-16 12:48:00,244.65,244.7,244.4,244.45
1471,2024-02-16 12:51:00,244.4,245.1,244.4,245.1
1472,2024-02-16 12:54:00,245.25,246.0,245.15,245.8
1473,2024-02-16 12:57:00,245.75,245.8,245.35,245.4
1474,2024-02-16 13:00:00,245.35,245.7,245.3,245.55
1475,2024-02-16 13:03:00,245.5,245.95,245.4,245.8
1476,2024-02-16 13:06:00,245.85,246.0,245.75,245.95
1477,2024-02-16 13:09:00,245.9,246.1,245.65,245.7
1478,2024-02-16 13:12:00,245.8,246.0,245.65,245.85
1479,2024-02-16 13:15:00,245.8,246.1,245.75,245.95
1480,2024-02-16 13:18:00,245.9,245.95,245.5,245.75
1481,2024-02-16 13:21:00,245.8,246.25,245.7,246.25
1482,2024-02-16 13:24:00,246.15,246.3,245.8,246.05
1483,2024-02-16 13:27:00,246.0,246.0,245.6,245.65
1484,2024-02-16 13:30:00,245.7,245.85,245.15,245.3
1485,2024-02-16 13:33:00,245.25,245.55,245.2,245.3
1486,2024-02-16 13:36:00,245.4,245.45,244.8,245.15
1487,2024-02-16 13:39:00,245.25,245.25,244.95,245.05
1488,2024-02-16 13:42:00,245.0,245.4,245.0,245.35
1489,2024-02-16 13:45:00,245.3,245.45,245.1,245.15
1490,2024-02-16 13:48:00,245.1,245.25,245.1,245.25
1491,2024-02-16 13:51:00,245.15,245.35,245.05,245.15
1492,2024-02-16 13:54:00,245.1,245.2,244.9,245.0
1493,2024-02-16 13:57:00,244.95,245.0,244.8,245.0
1494,2024-02-16 14:00:00,244.95,245.4,244.7,245.4
1495,2024-02-16 14:03:00,245.35,245.35,245.0,245.1
1496,2024-02-16 14:06:00,245.15,245.3,244.9,245.15
1497,2024-02-16 14:09:00,245.05,245.3,244.9,245.15
1498,2024-02-16 14:12:00,245.05,245.15,244.35,245.0
1499,2024-02-16 14:15:00,244.95,245.0,244.65,244.75
1500,2024-02-16 14:18:00,244.7,245.0,244.7,244.85
1501,2024-02-16 14:21:00,244.8,244.95,244.65,244.75
1502,2024-02-16 14:24:00,244.85,244.9,244.5,244.7
1503,2024-02-16 14:27:00,244.65,244.7,244.3,244.5
1504,2024-02-16 14:30:00,244.45,244.85,244.35,244.35
1505,2024-02-16 14:33:00,244.4,244.4,244.1,244.2
1506,2024-02-16 14:36:00,244.15,244.7,244.15,244.7
1507,2024-02-16 14:39:00,244.75,245.35,244.7,245.35
1508,2024-02-16 14:42:00,245.25,245.4,244.85,245.1
1509,2024-02-16 14:45:00,245.05,245.5,245.0,245.3
1510,2024-02-16 14:48:00,245.4,245.5,245.2,245.45
1511,2024-02-16 14:51:00,245.5,245.85,245.1,245.85
1512,2024-02-16 14:54:00,245.75,246.1,245.3,245.45
1513,2024-02-16 14:57:00,245.5,245.6,245.3,245.35
1514,2024-02-16 15:00:00,245.4,245.6,245.3,245.35
1515,2024-02-16 15:03:00,245.4,245.5,245.0,245.0
1516,2024-02-16 15:06:00,245.05,245.1,244.6,244.7
1517,2024-02-16 15:09:00,244.75,245.0,244.5,244.5
1518,2024-02-16 15:12:00,244.55,244.7,244.4,244.65
1519,2024-02-16 15:15:00,244.6,244.9,244.5,244.55
1520,2024-02-16 15:18:00,244.5,244.7,244.1,244.25
1521,2024-02-16 15:21:00,244.3,244.45,244.05,244.05
1522,2024-02-16 15:24:00,244.0,244.1,243.2,243.35
1523,2024-02-16 15:27:00,243.1,244.0,242.0,242.0
1524,2024-02-17 12:06:00,242.0,242.0,242.0,242.0
1525,2024-02-17 12:09:00,242.0,242.0,242.0,242.0
1526,2024-02-17 12:12:00,242.0,242.0,242.0,242.0
1527,2024-02-17 12:15:00,242.0,244.35,242.0,244.35
1528,2024-02-17 12:18:00,244.35,244.35,244.35,244.35
1529,2024-02-17 12:21:00,244.35,254.1,242.0,242.0
1530,2024-02-17 12:24:00,242.0,242.0,242.0,242.0
1531,2024-02-17 12:27:00,242.0,245.8,242.0,245.8
1532,2024-02-19 09:15:00,245.25,247.25,244.95,247.15
1533,2024-02-19 09:18:00,247.25,249.0,247.1,247.75
1534,2024-02-19 09:21:00,247.7,247.75,247.1,247.3
1535,2024-02-19 09:24:00,247.45,247.95,246.95,247.4
1536,2024-02-19 09:27:00,247.5,247.85,247.15,247.35
1537,2024-02-19 09:30:00,247.3,247.35,246.1,247.1
1538,2024-02-19 09:33:00,247.15,247.3,246.65,247.15
1539,2024-02-19 09:36:00,247.1,247.5,247.1,247.25
1540,2024-02-19 09:39:00,247.2,247.85,247.0,247.7
1541,2024-02-19 09:42:00,247.8,248.3,247.7,247.8
1542,2024-02-19 09:45:00,247.7,248.0,247.5,248.0
1543,2024-02-19 09:48:00,247.95,248.5,247.8,247.8
1544,2024-02-19 09:51:00,247.85,247.85,247.1,247.5
1545,2024-02-19 09:54:00,247.55,247.85,246.85,247.5
1546,2024-02-19 09:57:00,247.55,247.95,247.4,247.65
1547,2024-02-19 10:00:00,247.75,248.65,247.6,248.55
1548,2024-02-19 10:03:00,248.7,248.75,247.9,248.0
1549,2024-02-19 10:06:00,248.1,248.15,247.65,247.8
1550,2024-02-19 10:09:00,247.85,247.95,247.4,247.85
1551,2024-02-19 10:12:00,247.8,248.1,247.65,247.85
1552,2024-02-19 10:15:00,247.9,248.1,247.8,247.9
1553,2024-02-19 10:18:00,247.85,248.3,247.85,248.0
1554,2024-02-19 10:21:00,247.95,248.3,247.85,247.85
1555,2024-02-19 10:24:00,247.9,248.1,247.7,247.85
1556,2024-02-19 10:27:00,247.9,247.95,247.4,247.4
1557,2024-02-19 10:30:00,247.45,247.45,247.2,247.3
1558,2024-02-19 10:33:00,247.35,247.5,247.25,247.35
1559,2024-02-19 10:36:00,247.4,247.45,247.2,247.3
1560,2024-02-19 10:39:00,247.25,247.4,247.05,247.35
1561,2024-02-19 10:42:00,247.3,247.5,247.15,247.2
1562,2024-02-19 10:45:00,247.15,247.6,247.15,247.6
1563,2024-02-19 10:48:00,247.5,247.85,247.5,247.65
1564,2024-02-19 10:51:00,247.6,247.7,247.3,247.4
1565,2024-02-19 10:54:00,247.45,247.55,247.4,247.55
1566,2024-02-19 10:57:00,247.5,247.7,247.5,247.55
1567,2024-02-19 11:00:00,247.6,247.6,247.15,247.15
1568,2024-02-19 11:03:00,247.05,247.2,247.05,247.15
1569,2024-02-19 11:06:00,247.05,247.3,247.05,247.3
1570,2024-02-19 11:09:00,247.25,247.35,247.15,247.3
1571,2024-02-19 11:12:00,247.35,247.5,247.2,247.4
1572,2024-02-19 11:15:00,247.35,247.4,247.2,247.25
1573,2024-02-19 11:18:00,247.2,247.35,247.2,247.3
1574,2024-02-19 11:21:00,247.35,247.75,247.3,247.6
1575,2024-02-19 11:24:00,247.55,247.7,247.5,247.65
1576,2024-02-19 11:27:00,247.7,247.75,247.25,247.3
1577,2024-02-19 11:30:00,247.25,247.45,247.1,247.1
1578,2024-02-19 11:33:00,247.15,247.9,247.15,247.9
1579,2024-02-19 11:36:00,247.95,248.4,247.8,248.25
1580,2024-02-19 11:39:00,248.3,248.9,248.2,248.7
1581,2024-02-19 11:42:00,248.75,249.0,248.55,248.85
1582,2024-02-19 11:45:00,248.7,249.0,248.35,248.55
1583,2024-02-19 11:48:00,248.6,248.8,248.5,248.7
1584,2024-02-19 11:51:00,248.75,248.95,248.65,248.95
1585,2024-02-19 11:54:00,249.0,249.6,249.0,249.5
1586,2024-02-19 11:57:00,249.6,249.65,249.25,249.35
1587,2024-02-19 12:00:00,249.3,250.4,249.25,249.85
1588,2024-02-19 12:03:00,249.8,250.0,249.65,249.9
1589,2024-02-19 12:06:00,249.85,250.25,249.6,250.15
1590,2024-02-19 12:09:00,250.1,250.15,249.5,249.7
1591,2024-02-19 12:12:00,249.75,249.95,249.55,249.7
1592,2024-02-19 12:15:00,249.75,249.9,249.35,249.4
1593,2024-02-19 12:18:00,249.3,249.5,248.85,248.95
1594,2024-02-19 12:21:00,248.85,249.0,248.8,248.95
1595,2024-02-19 12:24:00,248.85,248.9,248.6,248.6
1596,2024-02-19 12:27:00,248.65,248.7,248.3,248.45
1597,2024-02-19 12:30:00,248.4,248.65,248.4,248.45
1598,2024-02-19 12:33:00,248.4,248.75,248.4,248.7
1599,2024-02-19 12:36:00,248.75,249.0,248.65,248.75
1600,2024-02-19 12:39:00,248.65,248.8,248.55,248.55
1601,2024-02-19 12:42:00,248.5,248.7,248.5,248.7
1602,2024-02-19 12:45:00,248.75,248.75,248.4,248.55
1603,2024-02-19 12:48:00,248.5,248.9,248.45,248.75
1604,2024-02-19 12:51:00,248.7,248.9,248.6,248.65
1605,2024-02-19 12:54:00,248.6,248.9,248.4,248.8
1606,2024-02-19 12:57:00,248.85,248.85,248.4,248.55
1607,2024-02-19 13:00:00,248.45,248.55,248.05,248.1
1608,2024-02-19 13:03:00,248.05,248.15,248.0,248.05
1609,2024-02-19 13:06:00,248.1,248.25,247.8,248.1
1610,2024-02-19 13:09:00,248.15,248.45,248.0,248.35
1611,2024-02-19 13:12:00,248.3,248.7,248.3,248.5
1612,2024-02-19 13:15:00,248.45,248.6,248.35,248.4
1613,2024-02-19 13:18:00,248.35,248.35,248.05,248.1
1614,2024-02-19 13:21:00,248.05,248.45,248.0,248.4
1615,2024-02-19 13:24:00,248.35,248.65,248.35,248.45
1616,2024-02-19 13:27:00,248.4,248.4,247.55,247.85
1617,2024-02-19 13:30:00,247.9,248.05,247.7,247.8
1618,2024-02-19 13:33:00,247.9,248.3,247.85,248.15
1619,2024-02-19 13:36:00,248.05,248.2,247.85,248.15
1620,2024-02-19 13:39:00,248.05,248.7,248.05,248.65
1621,2024-02-19 13:42:00,248.6,248.8,248.55,248.8
1622,2024-02-19 13:45:00,248.7,248.95,248.65,248.9
1623,2024-02-19 13:48:00,248.95,249.1,248.9,248.95
1624,2024-02-19 13:51:00,248.9,249.0,248.55,248.65
1625,2024-02-19 13:54:00,248.6,248.75,248.5,248.6
1626,2024-02-19 13:57:00,248.45,248.6,248.25,248.35
1627,2024-02-19 14:00:00,248.45,248.5,248.3,248.45
1628,2024-02-19 14:03:00,248.4,248.45,248.2,248.2
1629,2024-02-19 14:06:00,248.25,248.25,248.0,248.05
1630,2024-02-19 14:09:00,248.0,248.1,247.8,247.85
1631,2024-02-19 14:12:00,247.9,247.95,247.6,247.6
1632,2024-02-19 14:15:00,247.4,248.15,247.4,248.1
1633,2024-02-19 14:18:00,248.0,248.1,247.8,248.0
1634,2024-02-19 14:21:00,248.05,248.2,248.0,248.15
1635,2024-02-19 14:24:00,248.1,248.15,248.05,248.1
1636,2024-02-19 14:27:00,248.05,248.1,247.9,247.95
1637,2024-02-19 14:30:00,248.0,248.0,247.8,247.85
1638,2024-02-19 14:33:00,247.8,247.8,247.45,247.45
1639,2024-02-19 14:36:00,247.4,247.65,247.3,247.3
1640,2024-02-19 14:39:00,247.25,247.7,247.2,247.5
1641,2024-02-19 14:42:00,247.55,247.65,247.3,247.3
1642,2024-02-19 14:45:00,247.4,247.4,246.6,246.6
1643,2024-02-19 14:48:00,246.65,246.9,246.05,246.65
1644,2024-02-19 14:51:00,246.6,247.1,246.55,246.95
1645,2024-02-19 14:54:00,247.0,247.2,246.9,247.0
1646,2024-02-19 14:57:00,246.95,247.0,246.4,246.75
1647,2024-02-19 15:00:00,246.8,247.35,246.7,247.25
1648,2024-02-19 15:03:00,247.1,247.2,246.75,246.8
1649,2024-02-19 15:06:00,246.75,246.75,245.8,246.2
1650,2024-02-19 15:09:00,246.1,246.25,245.7,245.95
1651,2024-02-19 15:12:00,245.9,246.05,245.6,245.6
1652,2024-02-19 15:15:00,245.7,246.7,245.5,246.65
1653,2024-02-19 15:18:00,246.7,246.75,246.0,246.1
1654,2024-02-19 15:21:00,246.05,246.4,246.05,246.4
1655,2024-02-19 15:24:00,246.35,246.7,246.3,246.55
1656,2024-02-19 15:27:00,246.5,248.25,246.1,248.25
1657,2024-02-20 09:15:00,248.15,248.45,245.25,248.1
1658,2024-02-20 09:18:00,248.15,248.25,246.9,247.5
1659,2024-02-20 09:21:00,247.4,247.9,246.15,246.5
1660,2024-02-20 09:24:00,246.55,247.5,246.4,247.2
1661,2024-02-20 09:27:00,247.25,247.6,247.0,247.55
1662,2024-02-20 09:30:00,247.5,247.5,247.0,247.15
1663,2024-02-20 09:33:00,247.1,247.3,246.0,246.7
1664,2024-02-20 09:36:00,246.55,247.25,246.1,247.25
1665,2024-02-20 09:39:00,247.2,248.2,247.15,248.0
1666,2024-02-20 09:42:00,248.05,248.3,247.1,247.2
1667,2024-02-20 09:45:00,247.1,247.8,247.1,247.45
1668,2024-02-20 09:48:00,247.4,247.4,246.45,247.0
1669,2024-02-20 09:51:00,246.95,247.15,246.2,246.9
1670,2024-02-20 09:54:00,246.85,246.95,246.35,246.6
1671,2024-02-20 09:57:00,246.7,246.9,246.45,246.75
1672,2024-02-20 10:00:00,246.8,247.25,246.65,247.1
1673,2024-02-20 10:03:00,247.15,247.25,246.5,246.55
1674,2024-02-20 10:06:00,246.7,246.85,246.05,246.35
1675,2024-02-20 10:09:00,246.3,246.6,245.9,246.6
1676,2024-02-20 10:12:00,246.65,246.8,246.1,246.55
1677,2024-02-20 10:15:00,246.6,247.0,246.55,246.8
1678,2024-02-20 10:18:00,246.75,247.05,246.6,246.6
1679,2024-02-20 10:21:00,246.55,246.85,246.5,246.7
1680,2024-02-20 10:24:00,246.65,246.85,246.6,246.65
1681,2024-02-20 10:27:00,246.6,246.7,246.3,246.45
1682,2024-02-20 10:30:00,246.5,246.6,246.15,246.2
1683,2024-02-20 10:33:00,246.15,246.15,245.5,245.6
1684,2024-02-20 10:36:00,245.55,245.75,245.05,245.2
1685,2024-02-20 10:39:00,245.25,245.5,244.9,245.05
1686,2024-02-20 10:42:00,245.1,245.2,244.3,244.45
1687,2024-02-20 10:45:00,244.55,244.9,244.45,244.75
1688,2024-02-20 10:48:00,244.8,245.25,244.8,245.15
1689,2024-02-20 10:51:00,245.1,245.2,244.55,245.1
1690,2024-02-20 10:54:00,245.05,245.5,244.9,245.4
1691,2024-02-20 10:57:00,245.35,245.75,245.2,245.4
1692,2024-02-20 11:00:00,245.35,245.55,244.85,245.15
1693,2024-02-20 11:03:00,245.25,245.5,245.05,245.2
1694,2024-02-20 11:06:00,245.15,245.35,244.8,245.05
1695,2024-02-20 11:09:00,244.95,245.0,244.5,244.7
1696,2024-02-20 11:12:00,244.65,244.75,244.35,244.6
1697,2024-02-20 11:15:00,244.7,245.0,244.65,244.85
1698,2024-02-20 11:18:00,244.75,245.4,244.75,245.3
1699,2024-02-20 11:21:00,245.2,245.3,245.05,245.2
1700,2024-02-20 11:24:00,245.15,245.35,244.85,245.15
1701,2024-02-20 11:27:00,245.1,245.2,245.0,245.1
1702,2024-02-20 11:30:00,245.05,245.35,245.05,245.1
1703,2024-02-20 11:33:00,245.15,245.35,245.05,245.3
1704,2024-02-20 11:36:00,245.25,245.3,244.8,244.95
1705,2024-02-20 11:39:00,244.9,244.95,244.6,244.7
1706,2024-02-20 11:42:00,244.65,244.85,244.6,244.8
1707,2024-02-20 11:45:00,244.7,244.8,244.5,244.6
1708,2024-02-20 11:48:00,244.65,244.8,244.3,244.4
1709,2024-02-20 11:51:00,244.35,244.5,244.2,244.35
1710,2024-02-20 11:54:00,244.3,244.35,243.65,244.2
1711,2024-02-20 11:57:00,244.15,244.4,244.0,244.1
1712,2024-02-20 12:00:00,244.15,244.25,243.95,244.25
1713,2024-02-20 12:03:00,244.15,244.3,244.1,244.3
1714,2024-02-20 12:06:00,244.2,244.4,244.15,244.25
1715,2024-02-20 12:09:00,244.2,244.5,244.1,244.1
1716,2024-02-20 12:12:00,244.15,244.2,243.6,243.7
1717,2024-02-20 12:15:00,243.85,244.0,243.7,243.75
1718,2024-02-20 12:18:00,243.7,243.95,243.6,243.95
1719,2024-02-20 12:21:00,243.9,243.9,243.45,243.55
1720,2024-02-20 12:24:00,243.75,243.75,243.1,243.1
1721,2024-02-20 12:27:00,243.2,243.35,242.25,242.25
1722,2024-02-20 12:30:00,242.15,242.95,240.65,240.7
1723,2024-02-20 12:33:00,240.8,241.7,239.85,241.55
1724,2024-02-20 12:36:00,241.75,242.3,240.5,241.1
1725,2024-02-20 12:39:00,241.15,241.5,241.0,241.45
1726,2024-02-20 12:42:00,241.5,242.1,241.25,242.05
1727,2024-02-20 12:45:00,242.0,242.15,241.5,241.6
1728,2024-02-20 12:48:00,241.5,242.0,241.35,241.6
1729,2024-02-20 12:51:00,241.55,242.25,241.45,242.0
1730,2024-02-20 12:54:00,242.1,242.75,242.0,242.55
1731,2024-02-20 12:57:00,242.6,243.2,242.55,242.85
1732,2024-02-20 13:00:00,242.75,243.1,242.55,242.7
1733,2024-02-20 13:03:00,242.6,242.85,242.55,242.85
1734,2024-02-20 13:06:00,242.8,243.0,242.55,242.6
1735,2024-02-20 13:09:00,242.65,242.85,242.55,242.75
1736,2024-02-20 13:12:00,242.65,242.65,242.0,242.05
1737,2024-02-20 13:15:00,242.1,242.2,241.75,242.15
1738,2024-02-20 13:18:00,242.1,242.15,241.5,241.65
1739,2024-02-20 13:21:00,241.6,241.75,241.5,241.7
1740,2024-02-20 13:24:00,241.65,241.75,241.0,241.05
1741,2024-02-20 13:27:00,241.1,241.65,241.05,241.6
1742,2024-02-20 13:30:00,241.55,242.15,241.55,241.75
1743,2024-02-20 13:33:00,241.7,241.75,241.25,241.3
1744,2024-02-20 13:36:00,241.25,241.55,241.2,241.55
1745,2024-02-20 13:39:00,241.5,241.6,241.4,241.5
1746,2024-02-20 13:42:00,241.45,241.45,241.1,241.2
1747,2024-02-20 13:45:00,241.25,241.45,241.2,241.35
1748,2024-02-20 13:48:00,241.3,241.35,241.0,241.25
1749,2024-02-20 13:51:00,241.15,241.25,240.7,241.05
1750,2024-02-20 13:54:00,241.0,241.1,240.55,240.8
1751,2024-02-20 13:57:00,240.75,240.85,240.35,240.4
1752,2024-02-20 14:00:00,240.5,240.75,239.75,239.75
1753,2024-02-20 14:03:00,239.85,240.35,239.45,240.15
1754,2024-02-20 14:06:00,240.05,240.95,239.95,240.45
1755,2024-02-20 14:09:00,240.5,240.75,240.15,240.25
1756,2024-02-20 14:12:00,240.2,240.55,240.05,240.5
1757,2024-02-20 14:15:00,240.45,240.6,240.2,240.25
1758,2024-02-20 14:18:00,240.3,240.45,240.05,240.2
1759,2024-02-20 14:21:00,240.1,240.4,240.1,240.3
1760,2024-02-20 14:24:00,240.25,240.3,240.0,240.2
1761,2024-02-20 14:27:00,240.25,240.45,240.2,240.4
1762,2024-02-20 14:30:00,240.3,240.55,240.05,240.45
1763,2024-02-20 14:33:00,240.5,240.8,240.4,240.7
1764,2024-02-20 14:36:00,240.75,240.95,240.5,240.55
1765,2024-02-20 14:39:00,240.65,240.9,240.45,240.85
1766,2024-02-20 14:42:00,240.8,240.85,240.55,240.65
1767,2024-02-20 14:45:00,240.6,240.7,240.3,240.6
1768,2024-02-20 14:48:00,240.65,240.65,240.45,240.55
1769,2024-02-20 14:51:00,240.6,240.8,240.5,240.6
1770,2024-02-20 14:54:00,240.5,240.6,240.15,240.2
1771,2024-02-20 14:57:00,240.1,240.15,239.7,239.8
1772,2024-02-20 15:00:00,240.0,240.75,240.0,240.65
1773,2024-02-20 15:03:00,240.7,241.25,240.7,241.0
1774,2024-02-20 15:06:00,240.95,241.25,240.95,241.2
1775,2024-02-20 15:09:00,241.15,241.5,241.05,241.45
1776,2024-02-20 15:12:00,241.5,241.7,241.45,241.55
1777,2024-02-20 15:15:00,241.5,241.5,240.95,241.1
1778,2024-02-20 15:18:00,241.05,241.05,240.45,240.45
1779,2024-02-20 15:21:00,240.55,240.95,240.55,240.95
1780,2024-02-20 15:24:00,241.0,241.2,240.95,241.2
1781,2024-02-20 15:27:00,241.1,241.5,241.0,241.0
1782,2024-02-21 09:15:00,243.85,243.9,242.65,243.4
1783,2024-02-21 09:18:00,243.5,243.75,242.9,243.05
1784,2024-02-21 09:21:00,242.95,243.15,241.7,242.15
1785,2024-02-21 09:24:00,242.1,242.25,241.4,241.9
1786,2024-02-21 09:27:00,241.8,241.9,240.8,241.1
1787,2024-02-21 09:30:00,241.15,241.2,240.35,240.5
1788,2024-02-21 09:33:00,240.7,241.35,240.2,241.2
1789,2024-02-21 09:36:00,241.15,242.2,241.15,242.0
1790,2024-02-21 09:39:00,241.95,242.15,240.7,241.2
1791,2024-02-21 09:42:00,241.05,241.35,240.55,241.35
1792,2024-02-21 09:45:00,241.25,241.55,240.6,240.65
1793,2024-02-21 09:48:00,240.8,241.15,240.6,241.0
1794,2024-02-21 09:51:00,240.95,241.0,240.05,240.3
1795,2024-02-21 09:54:00,240.25,240.45,239.85,240.05
1796,2024-02-21 09:57:00,240.0,240.45,239.4,239.6
1797,2024-02-21 10:00:00,239.75,240.65,238.9,239.0
1798,2024-02-21 10:03:00,238.95,239.2,238.55,238.6
1799,2024-02-21 10:06:00,238.55,238.6,238.2,238.3
1800,2024-02-21 10:09:00,238.35,238.4,237.85,238.0
1801,2024-02-21 10:12:00,237.9,238.1,237.3,237.3
1802,2024-02-21 10:15:00,237.4,238.15,237.4,238.0
1803,2024-02-21 10:18:00,237.95,238.1,237.7,237.9
1804,2024-02-21 10:21:00,237.85,237.9,237.25,237.55
1805,2024-02-21 10:24:00,237.65,238.05,237.5,237.8
1806,2024-02-21 10:27:00,237.75,237.75,236.8,237.05
1807,2024-02-21 10:30:00,237.0,237.45,236.95,237.25
1808,2024-02-21 10:33:00,237.15,237.65,237.15,237.35
1809,2024-02-21 10:36:00,237.45,237.65,237.05,237.1
1810,2024-02-21 10:39:00,237.0,237.05,236.2,236.45
1811,2024-02-21 10:42:00,236.4,236.6,235.75,235.9
1812,2024-02-21 10:45:00,235.85,236.15,235.6,235.9
1813,2024-02-21 10:48:00,235.95,236.25,235.55,235.9
1814,2024-02-21 10:51:00,235.85,236.1,235.7,235.7
1815,2024-02-21 10:54:00,235.75,235.85,235.1,235.65
1816,2024-02-21 10:57:00,235.75,236.6,235.55,236.55
1817,2024-02-21 11:00:00,236.45,237.95,236.15,237.9
1818,2024-02-21 11:03:00,237.85,237.9,237.2,237.5
1819,2024-02-21 11:06:00,237.55,237.9,237.45,237.75
1820,2024-02-21 11:09:00,237.7,237.85,237.6,237.65
1821,2024-02-21 11:12:00,237.6,237.95,237.45,237.65
1822,2024-02-21 11:15:00,237.6,237.9,237.4,237.65
1823,2024-02-21 11:18:00,237.7,237.75,237.4,237.45
1824,2024-02-21 11:21:00,237.4,237.45,236.7,236.95
1825,2024-02-21 11:24:00,236.85,236.95,236.6,236.65
1826,2024-02-21 11:27:00,236.7,236.95,236.6,236.85
1827,2024-02-21 11:30:00,236.95,236.95,236.6,236.65
1828,2024-02-21 11:33:00,236.8,236.8,236.6,236.7
1829,2024-02-21 11:36:00,236.65,236.65,236.05,236.15
1830,2024-02-21 11:39:00,236.25,236.5,236.15,236.35
1831,2024-02-21 11:42:00,236.25,236.85,236.25,236.45
1832,2024-02-21 11:45:00,236.4,236.55,235.85,235.9
1833,2024-02-21 11:48:00,235.85,236.3,235.7,236.25
1834,2024-02-21 11:51:00,236.3,236.45,236.25,236.3
1835,2024-02-21 11:54:00,236.35,236.35,236.0,236.0
1836,2024-02-21 11:57:00,236.05,236.55,236.05,236.3
1837,2024-02-21 12:00:00,236.25,236.3,235.9,235.95
1838,2024-02-21 12:03:00,236.0,236.3,235.95,236.1
1839,2024-02-21 12:06:00,236.0,236.1,235.6,235.7
1840,2024-02-21 12:09:00,235.75,235.8,235.6,235.7
1841,2024-02-21 12:12:00,235.75,236.1,235.7,236.05
1842,2024-02-21 12:15:00,236.1,236.45,236.0,236.35
1843,2024-02-21 12:18:00,236.4,236.4,236.0,236.15
1844,2024-02-21 12:21:00,236.1,236.4,236.1,236.15
1845,2024-02-21 12:24:00,236.2,236.2,236.05,236.15
1846,2024-02-21 12:27:00,236.1,236.3,236.1,236.25
1847,2024-02-21 12:30:00,236.2,236.4,236.2,236.25
1848,2024-02-21 12:33:00,236.35,236.6,236.35,236.35
1849,2024-02-21 12:36:00,236.4,236.45,235.8,235.9
1850,2024-02-21 12:39:00,235.85,235.95,235.6,235.8
1851,2024-02-21 12:42:00,235.85,236.05,235.7,235.75
1852,2024-02-21 12:45:00,235.8,235.85,235.7,235.7
1853,2024-02-21 12:48:00,235.75,236.05,235.7,235.95
1854,2024-02-21 12:51:00,235.9,236.05,235.9,236.05
1855,2024-02-21 12:54:00,236.0,236.45,236.0,236.45
1856,2024-02-21 12:57:00,236.3,236.5,236.15,236.2
1857,2024-02-21 13:00:00,236.15,236.55,236.1,236.35
1858,2024-02-21 13:03:00,236.4,236.4,236.0,236.15
1859,2024-02-21 13:06:00,236.1,236.15,235.65,235.65
1860,2024-02-21 13:09:00,235.75,235.95,235.65,235.9
1861,2024-02-21 13:12:00,235.85,236.1,235.85,236.1
1862,2024-02-21 13:15:00,236.05,236.25,236.0,236.2
1863,2024-02-21 13:18:00,236.25,236.3,236.1,236.25
1864,2024-02-21 13:21:00,236.3,236.35,236.2,236.25
1865,2024-02-21 13:24:00,236.2,236.25,236.0,236.0
1866,2024-02-21 13:27:00,236.05,236.05,235.75,235.75
1867,2024-02-21 13:30:00,235.8,235.95,235.65,235.75
1868,2024-02-21 13:33:00,235.8,236.15,235.65,236.1
1869,2024-02-21 13:36:00,236.0,236.15,235.85,235.9
1870,2024-02-21 13:39:00,236.0,236.0,235.65,235.7
1871,2024-02-21 13:42:00,235.75,235.75,235.5,235.5
1872,2024-02-21 13:45:00,235.55,235.6,235.25,235.25
1873,2024-02-21 13:48:00,235.2,235.2,234.5,235.05
1874,2024-02-21 13:51:00,235.0,235.5,234.9,235.3
1875,2024-02-21 13:54:00,235.25,235.45,234.8,235.45
1876,2024-02-21 13:57:00,235.4,235.8,235.35,235.5
1877,2024-02-21 14:00:00,235.6,235.6,234.7,234.7
1878,2024-02-21 14:03:00,234.8,235.4,234.7,235.3
1879,2024-02-21 14:06:00,235.25,235.4,235.0,235.05
1880,2024-02-21 14:09:00,235.0,235.2,234.25,234.35
1881,2024-02-21 14:12:00,234.4,234.6,234.2,234.45
1882,2024-02-21 14:15:00,234.4,234.95,234.25,234.85
1883,2024-02-21 14:18:00,234.8,234.9,234.2,234.6
1884,2024-02-21 14:21:00,234.55,234.55,233.55,233.55
1885,2024-02-21 14:24:00,233.6,233.75,233.25,233.35
1886,2024-02-21 14:27:00,233.4,233.85,233.35,233.8
1887,2024-02-21 14:30:00,233.75,233.95,233.4,233.8
1888,2024-02-21 14:33:00,233.75,233.8,233.0,233.15
1889,2024-02-21 14:36:00,233.2,233.45,233.0,233.2
1890,2024-02-21 14:39:00,233.15,233.15,232.1,232.65
1891,2024-02-21 14:42:00,232.7,233.0,232.2,232.85
1892,2024-02-21 14:45:00,232.65,232.8,232.0,232.2
1893,2024-02-21 14:48:00,232.25,232.45,232.0,232.3
1894,2024-02-21 14:51:00,231.9,232.75,231.75,231.8
1895,2024-02-21 14:54:00,231.85,232.3,231.35,231.4
1896,2024-02-21 14:57:00,231.45,231.9,231.3,231.75
1897,2024-02-21 15:00:00,231.9,232.25,231.9,232.0
1898,2024-02-21 15:03:00,231.95,232.45,231.55,232.35
1899,2024-02-21 15:06:00,232.3,232.95,232.3,232.9
1900,2024-02-21 15:09:00,232.95,233.35,232.85,233.05
1901,2024-02-21 15:12:00,233.0,233.45,232.85,233.4
1902,2024-02-21 15:15:00,233.45,233.5,232.75,232.9
1903,2024-02-21 15:18:00,232.85,232.9,232.0,232.15
1904,2024-02-21 15:21:00,232.3,232.7,232.15,232.45
1905,2024-02-21 15:24:00,232.25,232.6,232.0,232.6
1906,2024-02-21 15:27:00,232.5,233.4,232.5,232.8
1907,2024-02-22 09:15:00,234.8,236.35,234.8,236.15
1908,2024-02-22 09:18:00,236.1,236.15,234.65,235.0
1909,2024-02-22 09:21:00,234.95,235.6,234.65,234.7
1910,2024-02-22 09:24:00,234.75,234.85,233.45,233.95
1911,2024-02-22 09:27:00,233.8,234.1,232.25,232.65
1912,2024-02-22 09:30:00,232.7,233.0,232.15,232.55
1913,2024-02-22 09:33:00,232.4,232.6,231.35,232.2
1914,2024-02-22 09:36:00,232.3,234.35,232.25,234.35
1915,2024-02-22 09:39:00,234.4,236.8,234.05,236.7
1916,2024-02-22 09:42:00,236.65,237.2,236.1,236.4
1917,2024-02-22 09:45:00,236.3,237.85,235.9,237.7
1918,2024-02-22 09:48:00,237.65,238.3,237.4,237.95
1919,2024-02-22 09:51:00,238.05,238.1,237.25,237.9
1920,2024-02-22 09:54:00,237.75,237.95,236.7,237.0
1921,2024-02-22 09:57:00,237.05,237.5,235.7,235.85
1922,2024-02-22 10:00:00,235.9,236.25,235.1,236.05
1923,2024-02-22 10:03:00,236.0,237.4,236.0,236.8
1924,2024-02-22 10:06:00,236.65,237.2,236.05,236.35
1925,2024-02-22 10:09:00,236.3,237.2,236.2,237.0
1926,2024-02-22 10:12:00,236.95,237.3,236.75,236.95
1927,2024-02-22 10:15:00,237.0,237.0,236.3,236.95
1928,2024-02-22 10:18:00,236.8,237.3,236.7,236.85
1929,2024-02-22 10:21:00,236.9,237.0,236.3,236.65
1930,2024-02-22 10:24:00,236.55,237.0,236.35,236.85
1931,2024-02-22 10:27:00,236.9,237.7,236.75,237.0
1932,2024-02-22 10:30:00,237.05,237.3,236.7,237.2
1933,2024-02-22 10:33:00,237.25,237.55,236.85,237.1
1934,2024-02-22 10:36:00,237.2,237.8,237.2,237.3
1935,2024-02-22 10:39:00,237.35,237.65,237.0,237.0
1936,2024-02-22 10:42:00,237.05,237.1,236.6,237.0
1937,2024-02-22 10:45:00,237.05,237.05,236.7,236.85
1938,2024-02-22 10:48:00,236.9,237.1,236.7,236.85
1939,2024-02-22 10:51:00,236.8,237.0,236.7,236.9
1940,2024-02-22 10:54:00,236.85,236.85,236.35,236.4
1941,2024-02-22 10:57:00,236.5,236.5,235.7,236.2
1942,2024-02-22 11:00:00,236.15,236.55,236.1,236.45
1943,2024-02-22 11:03:00,236.5,236.5,235.85,236.2
1944,2024-02-22 11:06:00,236.1,236.65,236.1,236.5
1945,2024-02-22 11:09:00,236.6,236.7,236.35,236.45
1946,2024-02-22 11:12:00,236.5,236.7,236.2,236.5
1947,2024-02-22 11:15:00,236.55,236.55,236.0,236.15
1948,2024-02-22 11:18:00,236.1,236.35,236.1,236.3
1949,2024-02-22 11:21:00,236.35,236.5,236.0,236.45
1950,2024-02-22 11:24:00,236.5,236.7,236.4,236.6
1951,2024-02-22 11:27:00,236.55,237.0,236.3,236.8
1952,2024-02-22 11:30:00,236.75,236.85,236.25,236.5
1953,2024-02-22 11:33:00,236.55,236.75,236.35,236.4
1954,2024-02-22 11:36:00,236.5,236.6,236.35,236.35
1955,2024-02-22 11:39:00,236.4,236.9,236.0,236.75
1956,2024-02-22 11:42:00,236.8,237.1,236.8,237.05
1957,2024-02-22 11:45:00,237.1,237.45,237.0,237.45
1958,2024-02-22 11:48:00,237.3,237.5,237.2,237.4
1959,2024-02-22 11:51:00,237.45,237.6,237.3,237.45
1960,2024-02-22 11:54:00,237.55,237.95,237.4,237.9
1961,2024-02-22 11:57:00,237.95,237.95,237.4,237.5
1962,2024-02-22 12:00:00,237.6,237.9,237.45,237.65
1963,2024-02-22 12:03:00,237.75,238.1,237.65,238.05
1964,2024-02-22 12:06:00,238.1,238.5,237.7,238.35
1965,2024-02-22 12:09:00,238.25,238.45,238.05,238.4
1966,2024-02-22 12:12:00,238.35,238.5,238.25,238.35
1967,2024-02-22 12:15:00,238.4,238.4,237.75,237.85
1968,2024-02-22 12:18:00,237.8,238.15,237.75,238.15
1969,2024-02-22 12:21:00,238.05,238.15,237.95,238.15
1970,2024-02-22 12:24:00,238.1,238.3,238.05,238.3
1971,2024-02-22 12:27:00,238.2,238.5,238.0,238.15
1972,2024-02-22 12:30:00,238.2,238.2,237.85,237.9
1973,2024-02-22 12:33:00,237.95,238.15,237.85,238.1
1974,2024-02-22 12:36:00,238.05,238.3,238.05,238.25
1975,2024-02-22 12:39:00,238.2,238.35,238.2,238.25
1976,2024-02-22 12:42:00,238.2,238.3,237.9,238.15
1977,2024-02-22 12:45:00,238.1,238.2,237.5,237.6
1978,2024-02-22 12:48:00,237.65,237.8,237.5,237.55
1979,2024-02-22 12:51:00,237.6,238.0,237.3,237.45
1980,2024-02-22 12:54:00,237.4,237.45,237.0,237.2
1981,2024-02-22 12:57:00,237.25,237.7,237.2,237.45
1982,2024-02-22 13:00:00,237.5,237.6,237.2,237.2
1983,2024-02-22 13:03:00,237.25,237.5,237.0,237.0
1984,2024-02-22 13:06:00,237.1,237.7,237.0,237.7
1985,2024-02-22 13:09:00,237.55,237.9,237.5,237.75
1986,2024-02-22 13:12:00,237.7,237.95,237.7,237.85
1987,2024-02-22 13:15:00,237.8,237.85,237.65,237.85
1988,2024-02-22 13:18:00,237.8,237.9,237.55,237.6
1989,2024-02-22 13:21:00,237.55,238.0,237.55,237.9
1990,2024-02-22 13:24:00,237.95,238.0,237.8,237.85
1991,2024-02-22 13:27:00,237.8,237.85,237.5,237.55
1992,2024-02-22 13:30:00,237.5,237.55,237.35,237.55
1993,2024-02-22 13:33:00,237.45,237.7,237.45,237.7
1994,2024-02-22 13:36:00,237.6,238.0,237.55,238.0
1995,2024-02-22 13:39:00,237.9,238.0,237.75,237.9
1996,2024-02-22 13:42:00,237.95,237.95,237.55,237.65
1997,2024-02-22 13:45:00,237.6,237.85,237.6,237.75
1998,2024-02-22 13:48:00,237.6,238.0,237.55,237.95
1999,2024-02-22 13:51:00,238.0,238.05,237.6,237.9
2000,2024-02-22 13:54:00,237.8,238.15,237.8,238.0
2001,2024-02-22 13:57:00,237.95,238.2,237.75,238.2
2002,2024-02-22 14:00:00,238.15,238.35,238.1,238.25
2003,2024-02-22 14:03:00,238.2,238.3,237.75,237.95
2004,2024-02-22 14:06:00,238.0,238.1,237.85,237.85
2005,2024-02-22 14:09:00,237.7,237.85,237.2,237.35
2006,2024-02-22 14:12:00,237.25,237.4,237.15,237.15
2007,2024-02-22 14:15:00,237.05,237.3,237.05,237.25
2008,2024-02-22 14:18:00,237.3,237.4,236.65,236.95
2009,2024-02-22 14:21:00,236.9,237.1,236.9,236.95
2010,2024-02-22 14:24:00,237.0,237.3,236.9,237.2
2011,2024-02-22 14:27:00,237.25,237.45,237.2,237.4
2012,2024-02-22 14:30:00,237.45,237.75,237.45,237.6
2013,2024-02-22 14:33:00,237.55,238.3,237.55,238.3
2014,2024-02-22 14:36:00,238.25,238.7,238.15,238.25
2015,2024-02-22 14:39:00,238.3,238.5,238.0,238.05
2016,2024-02-22 14:42:00,238.1,238.25,237.55,237.85
2017,2024-02-22 14:45:00,237.8,237.9,237.6,237.75
2018,2024-02-22 14:48:00,237.65,237.85,237.6,237.8
2019,2024-02-22 14:51:00,237.85,238.1,237.65,238.0
2020,2024-02-22 14:54:00,237.95,238.0,237.6,237.85
2021,2024-02-22 14:57:00,237.75,237.85,237.55,237.6
2022,2024-02-22 15:00:00,237.65,238.6,237.6,238.6
2023,2024-02-22 15:03:00,238.65,239.05,238.6,238.85
2024,2024-02-22 15:06:00,238.95,238.95,238.6,238.8
2025,2024-02-22 15:09:00,238.85,239.3,238.8,239.1
2026,2024-02-22 15:12:00,239.05,239.3,238.9,239.05
2027,2024-02-22 15:15:00,239.0,239.45,239.0,239.2
2028,2024-02-22 15:18:00,239.25,239.6,239.0,239.1
2029,2024-02-22 15:21:00,239.05,239.1,238.85,238.95
2030,2024-02-22 15:24:00,238.9,239.25,238.75,239.25
2031,2024-02-22 15:27:00,239.2,240.85,239.0,240.85
2032,2024-02-23 09:15:00,240.35,240.5,239.65,239.95
2033,2024-02-23 09:18:00,239.9,240.3,239.5,239.75
2034,2024-02-23 09:21:00,239.7,240.0,239.25,239.85
2035,2024-02-23 09:24:00,239.8,240.4,239.7,240.0
2036,2024-02-23 09:27:00,239.85,240.55,239.75,240.2
2037,2024-02-23 09:30:00,240.1,240.25,239.5,240.0
2038,2024-02-23 09:33:00,239.75,239.9,238.45,239.25
2039,2024-02-23 09:36:00,239.35,239.7,239.25,239.7
2040,2024-02-23 09:39:00,239.75,240.15,239.6,240.15
2041,2024-02-23 09:42:00,240.05,240.45,239.9,240.45
2042,2024-02-23 09:45:00,240.4,240.5,239.65,240.3
2043,2024-02-23 09:48:00,240.25,240.55,240.0,240.2
2044,2024-02-23 09:51:00,240.1,240.35,239.65,239.85
2045,2024-02-23 09:54:00,239.8,239.95,239.5,239.5
2046,2024-02-23 09:57:00,239.55,239.95,239.3,239.85
2047,2024-02-23 10:00:00,239.9,239.95,239.15,239.3
2048,2024-02-23 10:03:00,239.25,240.15,239.15,239.65
2049,2024-02-23 10:06:00,239.6,239.6,239.35,239.4
2050,2024-02-23 10:09:00,239.35,239.4,239.0,239.25
2051,2024-02-23 10:12:00,239.3,239.4,239.1,239.3
2052,2024-02-23 10:15:00,239.35,239.6,239.15,239.25
2053,2024-02-23 10:18:00,239.2,239.2,238.65,238.8
2054,2024-02-23 10:21:00,238.75,238.85,238.1,238.35
2055,2024-02-23 10:24:00,238.4,238.4,237.85,238.15
2056,2024-02-23 10:27:00,238.1,238.3,238.05,238.2
2057,2024-02-23 10:30:00,238.15,238.2,237.0,237.25
2058,2024-02-23 10:33:00,237.2,237.6,236.9,237.45
2059,2024-02-23 10:36:00,237.5,237.5,236.95,237.15
2060,2024-02-23 10:39:00,237.25,237.4,236.9,237.2
2061,2024-02-23 10:42:00,237.35,237.65,236.6,236.7
2062,2024-02-23 10:45:00,236.85,237.45,236.0,237.0
2063,2024-02-23 10:48:00,237.1,238.2,236.1,237.2
2064,2024-02-23 10:51:00,237.15,237.7,236.7,237.1
2065,2024-02-23 10:54:00,237.15,237.25,236.8,237.1
2066,2024-02-23 10:57:00,237.05,237.35,236.95,237.3
2067,2024-02-23 11:00:00,237.25,237.7,237.2,237.65
2068,2024-02-23 11:03:00,237.6,237.85,237.6,237.85
2069,2024-02-23 11:06:00,237.8,238.2,237.8,238.0
2070,2024-02-23 11:09:00,238.1,238.1,237.9,238.1
2071,2024-02-23 11:12:00,238.05,238.4,238.05,238.15
2072,2024-02-23 11:15:00,238.2,238.55,238.15,238.35
2073,2024-02-23 11:18:00,238.4,238.5,238.3,238.3
2074,2024-02-23 11:21:00,238.45,239.1,238.25,238.95
2075,2024-02-23 11:24:00,239.05,239.1,238.75,238.8
2076,2024-02-23 11:27:00,238.75,238.85,238.6,238.75
2077,2024-02-23 11:30:00,238.85,239.0,238.75,239.0
2078,2024-02-23 11:33:00,238.95,239.15,238.9,239.1
2079,2024-02-23 11:36:00,239.15,239.15,238.95,239.05
2080,2024-02-23 11:39:00,239.0,239.15,239.0,239.1
2081,2024-02-23 11:42:00,239.15,239.3,239.0,239.25
2082,2024-02-23 11:45:00,239.35,239.4,239.2,239.25
2083,2024-02-23 11:48:00,239.2,239.3,238.9,238.95
2084,2024-02-23 11:51:00,238.9,238.95,238.7,238.95
2085,2024-02-23 11:54:00,238.8,238.95,238.75,238.75
2086,2024-02-23 11:57:00,238.9,238.9,238.75,238.8
2087,2024-02-23 12:00:00,238.75,238.85,238.75,238.8
2088,2024-02-23 12:03:00,238.75,239.05,238.7,239.05
2089,2024-02-23 12:06:00,239.1,239.4,239.05,239.4
2090,2024-02-23 12:09:00,239.35,239.9,239.35,239.85
2091,2024-02-23 12:12:00,239.8,240.0,239.8,240.0
2092,2024-02-23 12:15:00,240.05,240.8,240.0,240.65
2093,2024-02-23 12:18:00,240.55,240.65,240.3,240.3
2094,2024-02-23 12:21:00,240.35,240.35,240.0,240.1
2095,2024-02-23 12:24:00,240.05,240.45,240.05,240.2
2096,2024-02-23 12:27:00,240.25,240.25,239.75,240.0
2097,2024-02-23 12:30:00,239.95,240.15,239.95,240.0
2098,2024-02-23 12:33:00,239.95,240.05,239.95,240.0
2099,2024-02-23 12:36:00,239.95,240.35,239.95,240.2
2100,2024-02-23 12:39:00,240.15,240.3,239.75,239.85
2101,2024-02-23 12:42:00,239.8,239.95,239.65,239.75
2102,2024-02-23 12:45:00,239.8,240.0,239.7,239.95
2103,2024-02-23 12:48:00,239.9,239.95,239.85,239.95
2104,2024-02-23 12:51:00,239.9,240.4,239.85,240.25
2105,2024-02-23 12:54:00,240.2,240.3,240.05,240.05
2106,2024-02-23 12:57:00,240.1,240.4,240.0,240.05
2107,2024-02-23 13:00:00,240.0,240.1,240.0,240.0
2108,2024-02-23 13:03:00,240.05,240.15,239.9,239.95
2109,2024-02-23 13:06:00,239.9,240.15,239.9,240.05
2110,2024-02-23 13:09:00,240.15,240.2,240.05,240.1
2111,2024-02-23 13:12:00,240.05,240.2,240.05,240.15
2112,2024-02-23 13:15:00,240.2,240.4,240.15,240.25
2113,2024-02-23 13:18:00,240.2,240.35,240.15,240.15
2114,2024-02-23 13:21:00,240.2,240.35,240.1,240.3
2115,2024-02-23 13:24:00,240.35,240.35,239.1,239.45
2116,2024-02-23 13:27:00,239.5,239.85,239.3,239.85
2117,2024-02-23 13:30:00,239.75,240.2,239.75,240.2
2118,2024-02-23 13:33:00,240.15,240.25,239.8,239.9
2119,2024-02-23 13:36:00,239.85,240.0,239.8,239.95
2120,2024-02-23 13:39:00,239.9,240.0,239.8,239.95
2121,2024-02-23 13:42:00,240.0,240.0,239.8,239.8
2122,2024-02-23 13:45:00,239.85,240.0,239.8,239.95
2123,2024-02-23 13:48:00,239.9,239.95,239.8,239.85
2124,2024-02-23 13:51:00,239.8,240.0,239.75,239.95
2125,2024-02-23 13:54:00,239.9,239.95,238.65,238.8
2126,2024-02-23 13:57:00,238.85,238.9,238.8,238.85
2127,2024-02-23 14:00:00,238.8,239.15,238.45,239.0
2128,2024-02-23 14:03:00,239.05,239.15,238.9,239.0
2129,2024-02-23 14:06:00,238.9,239.0,238.5,238.75
2130,2024-02-23 14:09:00,238.7,238.75,238.4,238.5
2131,2024-02-23 14:12:00,238.45,238.5,237.9,238.2
2132,2024-02-23 14:15:00,238.15,238.15,237.75,238.0
2133,2024-02-23 14:18:00,238.05,238.45,238.0,238.45
2134,2024-02-23 14:21:00,238.3,238.55,238.3,238.55
2135,2024-02-23 14:24:00,238.6,238.7,238.5,238.7
2136,2024-02-23 14:27:00,238.65,239.05,238.65,239.0
2137,2024-02-23 14:30:00,238.95,239.25,238.95,239.15
2138,2024-02-23 14:33:00,239.25,239.25,239.05,239.05
2139,2024-02-23 14:36:00,239.0,239.1,238.6,238.65
2140,2024-02-23 14:39:00,238.6,239.05,238.6,238.9
2141,2024-02-23 14:42:00,238.95,239.0,238.7,238.75
2142,2024-02-23 14:45:00,238.8,238.8,238.45,238.6
2143,2024-02-23 14:48:00,238.65,238.65,237.95,238.15
2144,2024-02-23 14:51:00,238.1,238.35,238.1,238.3
2145,2024-02-23 14:54:00,238.35,238.7,238.2,238.6
2146,2024-02-23 14:57:00,238.65,238.65,238.45,238.55
2147,2024-02-23 15:00:00,238.6,238.65,238.4,238.4
2148,2024-02-23 15:03:00,238.45,238.45,238.1,238.2
2149,2024-02-23 15:06:00,238.25,238.45,238.15,238.3
2150,2024-02-23 15:09:00,238.35,238.55,238.3,238.35
2151,2024-02-23 15:12:00,238.4,238.45,238.35,238.4
2152,2024-02-23 15:15:00,238.35,238.4,237.9,237.9
2153,2024-02-23 15:18:00,237.95,238.3,237.9,238.25
2154,2024-02-23 15:21:00,238.2,238.6,238.2,238.55
2155,2024-02-23 15:24:00,238.6,238.9,238.05,238.05
2156,2024-02-23 15:27:00,238.1,238.85,238.0,238.7
2157,2024-02-24 12:03:00,239.0,240.4,239.0,239.35
2158,2024-02-24 12:06:00,239.35,239.35,239.35,239.35
2159,2024-02-24 12:09:00,239.35,239.4,239.35,239.4
2160,2024-02-24 12:12:00,239.4,239.4,239.4,239.4
2161,2024-02-24 12:15:00,239.4,239.4,239.4,239.4
2162,2024-02-24 12:18:00,239.4,239.4,239.4,239.4
2163,2024-02-24 12:21:00,239.4,239.4,239.4,239.4
2164,2024-02-24 12:24:00,238.3,238.3,238.3,238.3
2165,2024-02-24 12:27:00,238.3,238.3,238.3,238.3
2166,2024-02-24 12:30:00,238.3,238.3,238.3,238.3
2167,2024-02-24 12:33:00,238.3,238.3,238.3,238.3
2168,2024-02-24 12:36:00,238.3,238.3,238.3,238.3
2169,2024-02-24 12:39:00,238.3,238.3,238.3,238.3
2170,2024-02-24 12:42:00,238.3,238.3,238.3,238.3
2171,2024-02-24 12:45:00,238.3,238.3,238.3,238.3
2172,2024-02-24 12:48:00,238.3,238.3,238.3,238.3
2173,2024-02-24 12:51:00,238.3,238.3,238.3,238.3
2174,2024-02-24 12:54:00,238.3,238.3,238.3,238.3
2175,2024-02-24 12:57:00,238.3,238.3,238.3,238.3
2176,2024-02-24 13:00:00,238.3,238.3,238.3,238.3
2177,2024-02-24 13:03:00,238.3,238.3,238.3,238.3
2178,2024-02-24 13:06:00,238.3,238.3,238.3,238.3
2179,2024-02-24 13:09:00,238.3,238.3,238.3,238.3
2180,2024-02-24 13:12:00,238.3,249.0,238.3,249.0
2181,2024-02-24 13:15:00,249.0,249.0,249.0,249.0
2182,2024-02-24 13:21:00,249.0,249.0,249.0,249.0
2183,2024-02-24 13:24:00,249.0,249.0,238.3,238.3
2184,2024-02-24 13:27:00,238.3,246.55,238.3,246.55
2185,2024-02-26 09:15:00,237.8,238.55,235.7,238.4
2186,2024-02-26 09:18:00,238.2,239.1,237.35,237.7
2187,2024-02-26 09:21:00,237.55,238.1,236.75,237.25
2188,2024-02-26 09:24:00,237.2,237.3,236.3,236.5
2189,2024-02-26 09:27:00,236.55,236.75,236.15,236.5
2190,2024-02-26 09:30:00,236.45,236.45,235.7,236.4
2191,2024-02-26 09:33:00,236.3,237.2,236.1,237.1
2192,2024-02-26 09:36:00,236.85,237.45,236.6,237.15
2193,2024-02-26 09:39:00,237.05,237.4,237.0,237.1
2194,2024-02-26 09:42:00,237.2,237.35,236.6,236.8
2195,2024-02-26 09:45:00,236.75,237.0,236.5,236.55
2196,2024-02-26 09:48:00,236.6,236.8,236.05,236.15
2197,2024-02-26 09:51:00,236.05,236.15,235.2,235.4
2198,2024-02-26 09:54:00,235.6,236.05,235.3,235.8
2199,2024-02-26 09:57:00,235.75,236.25,235.75,235.75
2200,2024-02-26 10:00:00,235.7,236.2,235.7,236.2
2201,2024-02-26 10:03:00,236.15,236.45,236.15,236.3
2202,2024-02-26 10:06:00,236.35,237.0,236.25,237.0
2203,2024-02-26 10:09:00,236.95,237.0,236.8,236.95
2204,2024-02-26 10:12:00,236.9,236.95,236.75,236.9
2205,2024-02-26 10:15:00,236.8,236.9,236.65,236.8
2206,2024-02-26 10:18:00,236.7,236.85,236.65,236.85
2207,2024-02-26 10:21:00,236.75,237.2,236.7,237.15
2208,2024-02-26 10:24:00,237.2,237.2,236.95,237.05
2209,2024-02-26 10:27:00,237.15,237.15,236.45,236.55
2210,2024-02-26 10:30:00,236.6,236.95,236.5,236.75
2211,2024-02-26 10:33:00,236.8,237.05,236.75,236.85
2212,2024-02-26 10:36:00,236.95,237.05,236.8,237.0
2213,2024-02-26 10:39:00,236.95,237.0,236.85,236.9
2214,2024-02-26 10:42:00,236.85,236.95,236.4,236.45
2215,2024-02-26 10:45:00,236.4,236.8,236.4,236.8
2216,2024-02-26 10:48:00,236.75,237.2,236.7,237.05
2217,2024-02-26 10:51:00,237.1,237.3,237.05,237.15
2218,2024-02-26 10:54:00,237.25,237.3,236.95,237.2
2219,2024-02-26 10:57:00,237.25,237.3,236.1,236.3
2220,2024-02-26 11:00:00,236.2,236.55,236.2,236.3
2221,2024-02-26 11:03:00,236.4,236.65,236.35,236.6
2222,2024-02-26 11:06:00,236.65,237.0,236.65,237.0
2223,2024-02-26 11:09:00,236.8,236.8,236.4,236.6
2224,2024-02-26 11:12:00,236.65,236.8,236.55,236.6
2225,2024-02-26 11:15:00,236.5,236.5,236.0,236.05
2226,2024-02-26 11:18:00,236.15,236.2,235.95,236.0
2227,2024-02-26 11:21:00,235.95,236.15,235.95,236.15
2228,2024-02-26 11:24:00,236.05,236.4,235.9,236.35
2229,2024-02-26 11:27:00,236.25,236.35,236.0,236.15
2230,2024-02-26 11:30:00,236.1,236.15,235.9,235.95
2231,2024-02-26 11:33:00,235.9,235.95,235.3,235.35
2232,2024-02-26 11:36:00,235.25,235.3,234.8,234.95
2233,2024-02-26 11:39:00,234.9,235.0,234.2,234.25
2234,2024-02-26 11:42:00,234.2,234.95,234.2,234.9
2235,2024-02-26 11:45:00,234.85,235.1,234.6,234.6
2236,2024-02-26 11:48:00,234.75,235.1,234.5,234.65
2237,2024-02-26 11:51:00,234.7,234.8,234.1,234.15
2238,2024-02-26 11:54:00,234.1,234.4,233.9,234.15
2239,2024-02-26 11:57:00,234.1,234.3,233.95,234.25
2240,2024-02-26 12:00:00,234.15,234.5,234.05,234.4
2241,2024-02-26 12:03:00,234.3,234.35,234.05,234.3
2242,2024-02-26 12:06:00,234.25,234.75,234.25,234.7
2243,2024-02-26 12:09:00,234.65,234.75,234.1,234.2
2244,2024-02-26 12:12:00,234.15,234.25,233.75,234.0
2245,2024-02-26 12:15:00,233.95,234.15,233.8,233.8
2246,2024-02-26 12:18:00,233.9,233.9,233.3,233.8
2247,2024-02-26 12:21:00,233.75,233.95,233.55,233.8
2248,2024-02-26 12:24:00,233.95,234.05,233.7,233.95
2249,2024-02-26 12:27:00,234.0,234.75,233.8,234.6
2250,2024-02-26 12:30:00,234.55,234.85,234.3,234.35
2251,2024-02-26 12:33:00,234.4,234.95,234.35,234.65
2252,2024-02-26 12:36:00,234.7,234.75,234.55,234.6
2253,2024-02-26 12:39:00,234.65,234.75,234.55,234.65
2254,2024-02-26 12:42:00,234.7,234.75,234.6,234.7
2255,2024-02-26 12:45:00,234.75,234.9,234.55,234.7
2256,2024-02-26 12:48:00,234.75,234.75,234.6,234.75
2257,2024-02-26 12:51:00,234.7,234.75,234.6,234.75
2258,2024-02-26 12:54:00,234.7,234.9,234.7,234.85
2259,2024-02-26 12:57:00,234.9,235.0,234.8,234.95
2260,2024-02-26 13:00:00,235.0,235.45,235.0,235.25
2261,2024-02-26 13:03:00,235.2,235.4,235.2,235.3
2262,2024-02-26 13:06:00,235.4,235.7,235.2,235.6
2263,2024-02-26 13:09:00,235.5,235.6,235.15,235.3
2264,2024-02-26 13:12:00,235.35,235.35,235.15,235.15
2265,2024-02-26 13:15:00,235.2,235.3,235.05,235.15
2266,2024-02-26 13:18:00,235.05,235.2,234.65,234.9
2267,2024-02-26 13:21:00,234.95,235.05,234.75,234.85
2268,2024-02-26 13:24:00,234.9,235.35,234.85,235.1
2269,2024-02-26 13:27:00,235.15,235.15,235.05,235.1
2270,2024-02-26 13:30:00,235.15,235.35,234.9,235.15
2271,2024-02-26 13:33:00,235.1,235.2,235.0,235.1
2272,2024-02-26 13:36:00,235.05,235.2,235.05,235.1
2273,2024-02-26 13:39:00,235.15,235.35,234.95,235.2
2274,2024-02-26 13:42:00,235.1,235.2,234.9,234.95
2275,2024-02-26 13:45:00,234.9,235.4,234.9,235.3
2276,2024-02-26 13:48:00,235.25,235.25,235.0,235.1
2277,2024-02-26 13:51:00,235.0,235.25,235.0,235.2
2278,2024-02-26 13:54:00,235.25,235.35,235.15,235.15
2279,2024-02-26 13:57:00,235.05,235.2,234.75,235.0
2280,2024-02-26 14:00:00,235.1,235.15,234.9,234.9
2281,2024-02-26 14:03:00,234.95,235.05,234.85,234.95
2282,2024-02-26 14:06:00,234.9,235.1,234.9,235.05
2283,2024-02-26 14:09:00,235.0,235.05,234.9,234.9
2284,2024-02-26 14:12:00,234.95,234.95,234.55,234.65
2285,2024-02-26 14:15:00,234.7,234.85,234.5,234.85
2286,2024-02-26 14:18:00,234.8,235.05,234.8,234.95
2287,2024-02-26 14:21:00,234.9,235.15,234.85,235.05
2288,2024-02-26 14:24:00,235.1,235.1,234.8,234.85
2289,2024-02-26 14:27:00,234.8,234.95,234.55,234.75
2290,2024-02-26 14:30:00,234.65,234.85,234.65,234.8
2291,2024-02-26 14:33:00,234.75,234.8,234.7,234.7
2292,2024-02-26 14:36:00,234.65,234.85,234.65,234.7
2293,2024-02-26 14:39:00,234.75,234.75,234.5,234.55
2294,2024-02-26 14:42:00,234.5,234.7,234.5,234.55
2295,2024-02-26 14:45:00,234.65,234.65,234.2,234.35
2296,2024-02-26 14:48:00,234.3,234.3,234.05,234.1
2297,2024-02-26 14:51:00,234.15,234.35,234.1,234.15
2298,2024-02-26 14:54:00,234.1,234.25,234.1,234.15
2299,2024-02-26 14:57:00,234.2,234.4,234.15,234.4
2300,2024-02-26 15:00:00,234.35,234.4,234.15,234.35
2301,2024-02-26 15:03:00,234.3,234.8,234.25,234.7
2302,2024-02-26 15:06:00,234.65,234.75,234.6,234.65
2303,2024-02-26 15:09:00,234.6,235.0,234.6,234.95
2304,2024-02-26 15:12:00,235.0,235.65,234.9,235.3
2305,2024-02-26 15:15:00,235.25,235.3,234.75,234.75
2306,2024-02-26 15:18:00,234.8,235.2,234.5,235.0
2307,2024-02-26 15:21:00,235.05,235.45,235.0,235.2
2308,2024-02-26 15:24:00,235.25,235.25,235.0,235.15
2309,2024-02-26 15:27:00,235.2,235.5,229.5,229.5
2310,2024-02-27 09:15:00,229.55,231.2,229.55,230.7
2311,2024-02-27 09:18:00,230.8,230.9,229.25,229.85
2312,2024-02-27 09:21:00,229.9,230.6,229.8,230.6
2313,2024-02-27 09:24:00,230.55,230.7,230.3,230.45
2314,2024-02-27 09:27:00,230.4,231.15,230.4,231.1
2315,2024-02-27 09:30:00,231.0,231.1,229.9,230.45
2316,2024-02-27 09:33:00,230.35,230.9,230.2,230.6
2317,2024-02-27 09:36:00,230.5,230.6,230.0,230.1
2318,2024-02-27 09:39:00,230.05,230.15,229.95,230.0
2319,2024-02-27 09:42:00,229.95,230.05,229.55,229.75
2320,2024-02-27 09:45:00,229.7,230.35,229.6,230.25
2321,2024-02-27 09:48:00,230.2,230.3,230.0,230.1
2322,2024-02-27 09:51:00,230.15,230.2,229.8,230.0
2323,2024-02-27 09:54:00,229.95,230.0,228.35,228.4
2324,2024-02-27 09:57:00,228.55,228.9,228.45,228.65
2325,2024-02-27 10:00:00,228.7,229.0,228.7,228.9
2326,2024-02-27 10:03:00,229.0,229.0,228.75,228.85
2327,2024-02-27 10:06:00,228.75,228.8,228.0,228.35
2328,2024-02-27 10:09:00,228.15,229.2,228.05,229.05
2329,2024-02-27 10:12:00,229.0,229.15,228.45,228.9
2330,2024-02-27 10:15:00,228.8,229.0,228.6,228.8
2331,2024-02-27 10:18:00,228.75,228.8,228.5,228.6
2332,2024-02-27 10:21:00,228.65,228.7,228.45,228.55
2333,2024-02-27 10:24:00,228.45,228.55,228.35,228.5
2334,2024-02-27 10:27:00,228.55,228.6,228.3,228.35
2335,2024-02-27 10:30:00,228.4,228.6,228.15,228.55
2336,2024-02-27 10:33:00,228.6,228.65,228.45,228.6
2337,2024-02-27 10:36:00,228.7,228.8,228.15,228.2
2338,2024-02-27 10:39:00,228.25,228.5,228.2,228.35
2339,2024-02-27 10:42:00,228.5,228.85,228.4,228.75
2340,2024-02-27 10:45:00,228.65,228.8,228.5,228.6
2341,2024-02-27 10:48:00,228.7,228.95,228.55,228.9
2342,2024-02-27 10:51:00,228.8,229.15,228.8,229.0
2343,2024-02-27 10:54:00,229.05,229.15,228.95,229.05
2344,2024-02-27 10:57:00,229.0,229.25,229.0,229.15
2345,2024-02-27 11:00:00,229.2,229.45,229.2,229.45
2346,2024-02-27 11:03:00,229.4,229.7,229.2,229.35
2347,2024-02-27 11:06:00,229.25,229.35,228.75,229.0
2348,2024-02-27 11:09:00,228.95,229.0,228.85,228.85
2349,2024-02-27 11:12:00,228.95,229.2,228.9,229.05
2350,2024-02-27 11:15:00,229.0,229.05,228.6,228.6
2351,2024-02-27 11:18:00,228.55,228.7,228.1,228.2
2352,2024-02-27 11:21:00,228.15,228.5,228.1,228.45
2353,2024-02-27 11:24:00,228.4,228.45,228.05,228.05
2354,2024-02-27 11:27:00,228.1,228.25,227.25,227.25
2355,2024-02-27 11:30:00,227.2,227.55,227.15,227.4
2356,2024-02-27 11:33:00,227.35,227.85,227.3,227.6
2357,2024-02-27 11:36:00,227.65,227.65,227.0,227.0
2358,2024-02-27 11:39:00,227.05,227.45,226.85,227.35
2359,2024-02-27 11:42:00,227.3,227.45,227.0,227.05
2360,2024-02-27 11:45:00,227.15,227.2,226.5,226.55
2361,2024-02-27 11:48:00,226.6,226.6,225.85,226.0
2362,2024-02-27 11:51:00,226.1,226.1,225.75,225.9
2363,2024-02-27 11:54:00,226.0,226.0,225.5,225.7
2364,2024-02-27 11:57:00,225.8,225.85,225.5,225.55
2365,2024-02-27 12:00:00,225.5,225.55,225.0,225.1
2366,2024-02-27 12:03:00,225.0,225.45,224.9,225.15
2367,2024-02-27 12:06:00,225.2,225.3,224.9,225.0
2368,2024-02-27 12:09:00,224.95,225.1,224.8,225.0
2369,2024-02-27 12:12:00,225.1,225.3,224.9,225.3
2370,2024-02-27 12:15:00,225.2,225.7,225.1,225.5
2371,2024-02-27 12:18:00,225.55,225.95,225.35,225.6
2372,2024-02-27 12:21:00,225.7,225.85,225.5,225.75
2373,2024-02-27 12:24:00,225.85,225.85,225.6,225.85
2374,2024-02-27 12:27:00,225.75,225.85,225.7,225.8
2375,2024-02-27 12:30:00,225.7,226.0,225.65,225.9
2376,2024-02-27 12:33:00,225.85,226.0,225.35,225.9
2377,2024-02-27 12:36:00,225.85,225.95,225.6,225.8
2378,2024-02-27 12:39:00,225.75,226.15,225.65,226.1
2379,2024-02-27 12:42:00,226.05,226.8,226.05,226.55
2380,2024-02-27 12:45:00,226.6,226.65,226.35,226.6
2381,2024-02-27 12:48:00,226.5,226.6,226.3,226.35
2382,2024-02-27 12:51:00,226.3,226.55,226.1,226.55
2383,2024-02-27 12:54:00,226.5,226.9,226.5,226.7
2384,2024-02-27 12:57:00,226.65,226.7,226.3,226.35
2385,2024-02-27 13:00:00,226.6,226.6,226.2,226.25
2386,2024-02-27 13:03:00,226.2,226.35,226.1,226.2
2387,2024-02-27 13:06:00,226.15,226.25,225.55,225.65
2388,2024-02-27 13:09:00,225.85,225.95,225.65,225.95
2389,2024-02-27 13:12:00,225.9,226.05,225.75,225.9
2390,2024-02-27 13:15:00,225.8,226.15,225.7,226.05
2391,2024-02-27 13:18:00,226.0,226.35,225.95,226.25
2392,2024-02-27 13:21:00,226.3,226.35,226.15,226.2
2393,2024-02-27 13:24:00,226.3,226.35,226.2,226.3
2394,2024-02-27 13:27:00,226.25,226.35,226.0,226.0
2395,2024-02-27 13:30:00,226.05,226.2,225.9,225.95
2396,2024-02-27 13:33:00,225.9,226.0,225.9,225.95
2397,2024-02-27 13:36:00,225.9,226.0,225.45,225.55
2398,2024-02-27 13:39:00,225.6,226.1,225.5,225.55
2399,2024-02-27 13:42:00,225.6,225.6,224.8,224.9
2400,2024-02-27 13:45:00,224.85,224.9,224.4,224.75
2401,2024-02-27 13:48:00,224.7,224.75,224.4,224.45
2402,2024-02-27 13:51:00,224.4,224.9,224.4,224.75
2403,2024-02-27 13:54:00,224.8,224.8,223.85,223.95
2404,2024-02-27 13:57:00,223.9,224.4,223.6,224.25
2405,2024-02-27 14:00:00,224.1,224.2,223.85,224.05
2406,2024-02-27 14:03:00,224.0,224.3,223.85,224.1
2407,2024-02-27 14:06:00,224.05,224.3,223.95,224.1
2408,2024-02-27 14:09:00,224.05,224.1,223.95,224.0
2409,2024-02-27 14:12:00,223.95,224.15,223.85,223.9
2410,2024-02-27 14:15:00,223.85,224.2,223.3,223.45
2411,2024-02-27 14:18:00,223.5,223.5,222.8,222.95
2412,2024-02-27 14:21:00,223.0,223.0,222.65,222.8
2413,2024-02-27 14:24:00,222.85,223.0,222.5,222.75
2414,2024-02-27 14:27:00,222.7,222.75,222.5,222.7
2415,2024-02-27 14:30:00,222.5,222.75,222.4,222.65
2416,2024-02-27 14:33:00,222.6,223.2,222.6,223.0
2417,2024-02-27 14:36:00,222.95,223.0,222.8,222.95
2418,2024-02-27 14:39:00,222.85,223.1,222.8,223.0
2419,2024-02-27 14:42:00,222.95,223.0,222.85,222.9
2420,2024-02-27 14:45:00,222.85,222.9,222.7,222.75
2421,2024-02-27 14:48:00,222.7,223.0,222.65,222.85
2422,2024-02-27 14:51:00,222.8,223.2,222.8,222.95
2423,2024-02-27 14:54:00,223.0,223.65,222.95,223.65
2424,2024-02-27 14:57:00,223.85,225.2,223.7,225.1
2425,2024-02-27 15:00:00,225.15,225.4,224.8,225.35
2426,2024-02-27 15:03:00,225.4,225.85,225.15,225.8
2427,2024-02-27 15:06:00,225.85,225.85,225.2,225.2
2428,2024-02-27 15:09:00,225.3,225.35,225.15,225.25
2429,2024-02-27 15:12:00,225.3,225.3,225.15,225.15
2430,2024-02-27 15:15:00,225.1,225.15,224.6,224.85
2431,2024-02-27 15:18:00,224.9,224.9,224.3,224.3
2432,2024-02-27 15:21:00,224.5,224.85,224.45,224.75
2433,2024-02-27 15:24:00,224.7,225.15,224.65,224.95
2434,2024-02-27 15:27:00,225.0,227.0,224.95,227.0
2435,2024-02-28 09:15:00,225.7,226.8,225.3,226.6
2436,2024-02-28 09:18:00,226.5,227.2,226.2,226.3
2437,2024-02-28 09:21:00,226.35,227.15,226.15,227.15
2438,2024-02-28 09:24:00,227.05,227.35,226.95,227.05
2439,2024-02-28 09:27:00,227.1,227.55,226.9,227.5
2440,2024-02-28 09:30:00,227.45,228.55,227.3,228.25
2441,2024-02-28 09:33:00,228.3,228.4,227.75,228.05
2442,2024-02-28 09:36:00,227.95,228.35,227.6,228.25
2443,2024-02-28 09:39:00,228.2,228.35,228.0,228.25
2444,2024-02-28 09:42:00,228.15,229.4,228.15,229.05
2445,2024-02-28 09:45:00,229.1,229.25,228.15,228.3
2446,2024-02-28 09:48:00,228.2,228.35,227.95,228.0
2447,2024-02-28 09:51:00,228.05,228.65,227.9,228.25
2448,2024-02-28 09:54:00,228.3,228.35,227.4,227.4
2449,2024-02-28 09:57:00,227.3,227.7,227.05,227.55
2450,2024-02-28 10:00:00,227.45,227.85,227.4,227.65
2451,2024-02-28 10:03:00,227.75,227.85,227.1,227.2
2452,2024-02-28 10:06:00,227.1,227.65,227.1,227.4
2453,2024-02-28 10:09:00,227.35,227.8,227.3,227.65
2454,2024-02-28 10:12:00,227.6,227.75,227.5,227.65
2455,2024-02-28 10:15:00,227.6,228.0,227.55,227.95
2456,2024-02-28 10:18:00,228.0,228.2,227.95,228.2
2457,2024-02-28 10:21:00,228.1,228.35,227.6,227.6
2458,2024-02-28 10:24:00,227.7,228.05,227.55,227.95
2459,2024-02-28 10:27:00,228.05,228.05,227.85,227.85
2460,2024-02-28 10:30:00,227.9,227.9,227.5,227.6
2461,2024-02-28 10:33:00,227.55,227.65,227.55,227.55
2462,2024-02-28 10:36:00,227.6,227.9,227.35,227.35
2463,2024-02-28 10:39:00,227.45,227.5,227.0,227.1
2464,2024-02-28 10:42:00,227.05,227.4,227.0,227.2
2465,2024-02-28 10:45:00,227.15,227.2,226.8,226.9
2466,2024-02-28 10:48:00,226.95,227.15,226.8,227.0
2467,2024-02-28 10:51:00,227.05,227.05,226.5,226.6
2468,2024-02-28 10:54:00,226.65,226.8,226.55,226.7
2469,2024-02-28 10:57:00,226.75,226.75,226.05,226.25
2470,2024-02-28 11:00:00,226.2,227.05,226.15,227.0
2471,2024-02-28 11:03:00,227.05,227.05,226.2,226.45
2472,2024-02-28 11:06:00,226.5,226.9,226.4,226.75
2473,2024-02-28 11:09:00,226.7,227.15,226.7,227.15
2474,2024-02-28 11:12:00,227.1,227.8,227.1,227.35
2475,2024-02-28 11:15:00,227.1,227.1,226.0,226.95
2476,2024-02-28 11:18:00,227.05,227.05,226.55,226.85
2477,2024-02-28 11:21:00,226.9,226.9,226.3,226.75
2478,2024-02-28 11:24:00,226.7,226.8,226.3,226.5
2479,2024-02-28 11:27:00,226.4,226.65,226.25,226.3
2480,2024-02-28 11:30:00,226.25,226.35,225.7,226.25
2481,2024-02-28 11:33:00,226.2,226.65,225.8,225.9
2482,2024-02-28 11:36:00,225.8,226.0,225.5,225.5
2483,2024-02-28 11:39:00,225.6,225.85,225.15,225.4
2484,2024-02-28 11:42:00,225.35,225.45,225.0,225.05
2485,2024-02-28 11:45:00,225.0,225.35,224.65,225.2
2486,2024-02-28 11:48:00,225.1,225.55,225.05,225.3
2487,2024-02-28 11:51:00,225.4,225.4,224.9,225.05
2488,2024-02-28 11:54:00,224.95,225.35,224.8,225.3
2489,2024-02-28 11:57:00,225.35,225.35,225.0,225.05
2490,2024-02-28 12:00:00,225.15,225.15,224.9,225.0
2491,2024-02-28 12:03:00,225.05,225.15,224.5,224.55
2492,2024-02-28 12:06:00,224.6,225.1,224.5,225.05
2493,2024-02-28 12:09:00,225.1,225.25,224.65,224.9
2494,2024-02-28 12:12:00,224.85,225.2,224.85,225.0
2495,2024-02-28 12:15:00,225.05,225.55,225.0,225.4
2496,2024-02-28 12:18:00,225.45,225.6,225.15,225.6
2497,2024-02-28 12:21:00,225.55,226.2,225.55,226.2
2498,2024-02-28 12:24:00,226.15,226.4,226.0,226.0
2499,2024-02-28 12:27:00,226.05,226.2,225.7,226.2
2500,2024-02-28 12:30:00,226.05,226.15,225.45,225.6
2501,2024-02-28 12:33:00,225.65,225.7,224.55,224.55
2502,2024-02-28 12:36:00,224.6,225.1,224.6,224.9
2503,2024-02-28 12:39:00,224.95,225.4,224.85,225.35
2504,2024-02-28 12:42:00,225.3,225.6,225.3,225.6
2505,2024-02-28 12:45:00,225.55,225.75,225.0,225.05
2506,2024-02-28 12:48:00,225.0,225.5,224.95,225.4
2507,2024-02-28 12:51:00,225.35,225.45,225.0,225.1
2508,2024-02-28 12:54:00,225.15,225.2,224.5,224.55
2509,2024-02-28 12:57:00,224.65,224.65,223.75,223.9
2510,2024-02-28 13:00:00,223.85,224.1,223.55,224.0
2511,2024-02-28 13:03:00,223.95,223.95,223.1,223.35
2512,2024-02-28 13:06:00,223.3,223.4,222.65,223.05
2513,2024-02-28 13:09:00,223.0,223.4,223.0,223.0
2514,2024-02-28 13:12:00,222.95,223.3,222.6,222.6
2515,2024-02-28 13:15:00,222.65,223.4,222.6,223.2
2516,2024-02-28 13:18:00,223.15,223.65,223.15,223.55
2517,2024-02-28 13:21:00,223.5,224.2,223.4,224.1
2518,2024-02-28 13:24:00,224.15,224.85,224.05,224.5
2519,2024-02-28 13:27:00,224.55,224.75,224.4,224.65
2520,2024-02-28 13:30:00,224.75,225.15,224.6,225.15
2521,2024-02-28 13:33:00,225.1,225.3,224.85,225.15
2522,2024-02-28 13:36:00,225.1,225.45,225.05,225.05
2523,2024-02-28 13:39:00,225.15,225.45,225.0,225.3
2524,2024-02-28 13:42:00,225.25,225.85,225.2,225.65
2525,2024-02-28 13:45:00,225.75,225.85,225.4,225.4
2526,2024-02-28 13:48:00,225.45,225.55,225.05,225.5
2527,2024-02-28 13:51:00,225.55,225.8,225.55,225.65
2528,2024-02-28 13:54:00,225.7,225.7,225.45,225.5
2529,2024-02-28 13:57:00,225.55,225.6,225.1,225.3
2530,2024-02-28 14:00:00,225.25,225.35,225.1,225.15
2531,2024-02-28 14:03:00,225.1,225.6,225.1,225.45
2532,2024-02-28 14:06:00,225.6,225.85,225.45,225.55
2533,2024-02-28 14:09:00,225.6,225.7,225.4,225.45
2534,2024-02-28 14:12:00,225.4,225.6,225.4,225.55
2535,2024-02-28 14:15:00,225.6,225.6,224.4,224.75
2536,2024-02-28 14:18:00,224.7,224.85,224.25,224.3
2537,2024-02-28 14:21:00,224.25,224.4,223.95,224.0
2538,2024-02-28 14:24:00,223.95,224.15,223.75,224.1
2539,2024-02-28 14:27:00,224.15,224.7,224.1,224.4
2540,2024-02-28 14:30:00,224.35,224.4,223.6,223.6
2541,2024-02-28 14:33:00,223.7,223.8,223.1,223.45
2542,2024-02-28 14:36:00,223.5,223.55,223.0,223.2
2543,2024-02-28 14:39:00,223.15,223.5,223.15,223.3
2544,2024-02-28 14:42:00,223.35,223.5,223.15,223.35
2545,2024-02-28 14:45:00,223.4,224.15,223.4,224.0
2546,2024-02-28 14:48:00,224.05,224.45,224.05,224.45
2547,2024-02-28 14:51:00,224.4,224.4,223.5,223.6
2548,2024-02-28 14:54:00,223.7,223.7,222.9,222.9
2549,2024-02-28 14:57:00,222.95,223.1,222.8,223.0
2550,2024-02-28 15:00:00,222.95,223.55,222.85,223.45
2551,2024-02-28 15:03:00,223.5,224.05,223.4,224.05
2552,2024-02-28 15:06:00,224.1,224.25,224.0,224.1
2553,2024-02-28 15:09:00,224.05,224.1,223.45,223.45
2554,2024-02-28 15:12:00,223.5,223.5,223.15,223.35
2555,2024-02-28 15:15:00,223.3,223.35,222.5,222.6
2556,2024-02-28 15:18:00,222.55,222.6,222.4,222.4
2557,2024-02-28 15:21:00,222.5,222.8,222.4,222.8
2558,2024-02-28 15:24:00,222.75,222.8,222.55,222.55
2559,2024-02-28 15:27:00,222.5,224.0,222.0,224.0
2560,2024-02-29 09:15:00,223.9,224.45,222.55,223.95
2561,2024-02-29 09:18:00,223.9,224.3,222.05,222.3
2562,2024-02-29 09:21:00,222.25,222.85,221.45,222.2
2563,2024-02-29 09:24:00,222.3,223.5,222.05,223.4
2564,2024-02-29 09:27:00,223.3,223.85,223.25,223.55
2565,2024-02-29 09:30:00,223.5,224.4,223.4,224.15
2566,2024-02-29 09:33:00,224.05,224.85,223.85,224.5
2567,2024-02-29 09:36:00,224.55,224.8,224.2,224.35
2568,2024-02-29 09:39:00,224.4,224.8,223.2,223.25
2569,2024-02-29 09:42:00,223.2,223.95,223.0,223.1
2570,2024-02-29 09:45:00,223.25,223.75,223.0,223.15
2571,2024-02-29 09:48:00,223.25,223.75,223.05,223.45
2572,2024-02-29 09:51:00,223.55,223.65,223.1,223.6
2573,2024-02-29 09:54:00,223.45,224.5,223.45,224.4
2574,2024-02-29 09:57:00,224.5,224.5,224.1,224.3
2575,2024-02-29 10:00:00,224.35,224.35,223.9,224.05
2576,2024-02-29 10:03:00,223.9,224.1,223.85,224.0
2577,2024-02-29 10:06:00,223.95,223.95,222.9,223.25
2578,2024-02-29 10:09:00,223.15,223.5,222.8,222.85
2579,2024-02-29 10:12:00,222.95,223.1,222.6,222.7
2580,2024-02-29 10:15:00,222.65,223.15,222.6,223.05
2581,2024-02-29 10:18:00,223.1,223.1,222.6,222.95
2582,2024-02-29 10:21:00,222.9,223.55,222.9,223.5
2583,2024-02-29 10:24:00,223.55,223.55,223.05,223.05
2584,2024-02-29 10:27:00,223.1,223.2,222.75,223.0
2585,2024-02-29 10:30:00,222.95,223.0,222.5,222.8
2586,2024-02-29 10:33:00,222.7,222.7,222.35,222.45
2587,2024-02-29 10:36:00,222.4,222.6,221.9,222.45
2588,2024-02-29 10:39:00,222.55,222.55,221.85,221.95
2589,2024-02-29 10:42:00,222.0,222.4,221.8,222.2
2590,2024-02-29 10:45:00,222.25,222.3,221.65,221.8
2591,2024-02-29 10:48:00,221.75,221.95,221.5,221.65
2592,2024-02-29 10:51:00,221.6,221.8,221.55,221.65
2593,2024-02-29 10:54:00,221.55,221.65,221.25,221.4
2594,2024-02-29 10:57:00,221.35,221.85,221.35,221.5
2595,2024-02-29 11:00:00,221.45,221.85,221.4,221.8
2596,2024-02-29 11:03:00,221.75,222.3,221.7,222.15
2597,2024-02-29 11:06:00,222.05,222.65,221.95,222.65
2598,2024-02-29 11:09:00,222.55,223.25,222.55,222.95
2599,2024-02-29 11:12:00,222.9,223.5,222.85,223.45
2600,2024-02-29 11:15:00,223.35,223.75,223.25,223.45
2601,2024-02-29 11:18:00,223.5,223.6,223.2,223.55
2602,2024-02-29 11:21:00,223.5,224.0,223.4,223.8
2603,2024-02-29 11:24:00,223.75,223.8,223.35,223.45
2604,2024-02-29 11:27:00,223.35,223.55,223.0,223.4
2605,2024-02-29 11:30:00,223.35,223.9,223.35,223.5
2606,2024-02-29 11:33:00,223.65,223.95,223.4,223.85
2607,2024-02-29 11:36:00,223.7,223.8,223.5,223.8
2608,2024-02-29 11:39:00,223.85,223.95,223.55,223.8
2609,2024-02-29 11:42:00,223.7,224.2,223.7,224.05
2610,2024-02-29 11:45:00,224.0,224.25,223.8,224.15
2611,2024-02-29 11:48:00,224.2,224.45,223.9,224.45
2612,2024-02-29 11:51:00,224.4,224.75,224.3,224.7
2613,2024-02-29 11:54:00,224.75,224.85,224.55,224.7
2614,2024-02-29 11:57:00,224.75,225.3,224.7,225.3
2615,2024-02-29 12:00:00,225.25,225.85,225.15,225.7
2616,2024-02-29 12:03:00,225.65,226.05,225.55,225.9
2617,2024-02-29 12:06:00,225.95,226.8,225.85,226.15
2618,2024-02-29 12:09:00,226.1,226.55,225.95,226.4
2619,2024-02-29 12:12:00,226.5,227.15,226.45,227.1
2620,2024-02-29 12:15:00,227.0,227.55,227.0,227.5
2621,2024-02-29 12:18:00,227.45,227.75,227.45,227.7
2622,2024-02-29 12:21:00,227.65,227.95,227.65,227.75
2623,2024-02-29 12:24:00,227.65,227.95,227.4,227.7
2624,2024-02-29 12:27:00,227.8,228.0,227.65,227.9
2625,2024-02-29 12:30:00,227.8,228.0,227.15,228.0
2626,2024-02-29 12:33:00,227.9,228.35,227.75,228.2
2627,2024-02-29 12:36:00,228.1,228.45,228.1,228.2
2628,2024-02-29 12:39:00,228.25,228.3,228.1,228.2
2629,2024-02-29 12:42:00,228.15,228.4,228.05,228.35
2630,2024-02-29 12:45:00,228.4,228.4,228.15,228.35
2631,2024-02-29 12:48:00,228.3,228.4,228.2,228.3
2632,2024-02-29 12:51:00,228.25,228.3,227.65,227.9
2633,2024-02-29 12:54:00,227.85,227.95,227.35,227.85
2634,2024-02-29 12:57:00,227.95,228.15,227.8,227.9
2635,2024-02-29 13:00:00,227.85,227.95,227.65,227.95
2636,2024-02-29 13:03:00,228.0,228.3,227.85,228.1
2637,2024-02-29 13:06:00,228.0,228.05,227.55,227.75
2638,2024-02-29 13:09:00,227.8,227.9,227.7,227.8
2639,2024-02-29 13:12:00,227.85,228.15,227.8,228.1
2640,2024-02-29 13:15:00,228.05,228.1,227.8,227.95
2641,2024-02-29 13:18:00,227.9,227.95,227.55,227.65
2642,2024-02-29 13:21:00,227.55,227.8,227.5,227.6
2643,2024-02-29 13:24:00,227.65,227.8,227.45,227.7
2644,2024-02-29 13:27:00,227.8,228.15,227.7,227.9
2645,2024-02-29 13:30:00,227.95,228.1,227.65,227.95
2646,2024-02-29 13:33:00,227.9,228.1,227.65,227.8
2647,2024-02-29 13:36:00,227.7,227.85,227.3,227.35
2648,2024-02-29 13:39:00,227.3,227.35,226.7,227.35
2649,2024-02-29 13:42:00,227.25,227.35,227.05,227.2
2650,2024-02-29 13:45:00,227.25,227.45,227.15,227.35
2651,2024-02-29 13:48:00,227.25,227.4,227.1,227.2
2652,2024-02-29 13:51:00,227.15,227.2,226.75,226.9
2653,2024-02-29 13:54:00,226.85,226.95,226.6,226.8
2654,2024-02-29 13:57:00,226.85,227.05,226.5,226.85
2655,2024-02-29 14:00:00,226.65,226.95,226.5,226.5
2656,2024-02-29 14:03:00,226.55,226.75,226.55,226.65
2657,2024-02-29 14:06:00,226.55,226.65,226.25,226.4
2658,2024-02-29 14:09:00,226.45,226.45,225.85,226.15
2659,2024-02-29 14:12:00,226.0,226.4,225.8,226.35
2660,2024-02-29 14:15:00,226.3,226.85,226.25,226.65
2661,2024-02-29 14:18:00,226.6,226.7,226.15,226.25
2662,2024-02-29 14:21:00,226.2,226.45,226.05,226.45
2663,2024-02-29 14:24:00,226.4,226.5,226.15,226.35
2664,2024-02-29 14:27:00,226.25,226.65,226.15,226.55
2665,2024-02-29 14:30:00,226.5,226.6,225.5,225.7
2666,2024-02-29 14:33:00,225.65,225.85,225.5,225.5
2667,2024-02-29 14:36:00,225.55,225.75,225.5,225.55
2668,2024-02-29 14:39:00,225.65,225.95,225.3,225.65
2669,2024-02-29 14:42:00,225.7,226.5,225.45,226.35
2670,2024-02-29 14:45:00,226.3,226.7,226.2,226.45
2671,2024-02-29 14:48:00,226.5,226.8,226.4,226.65
2672,2024-02-29 14:51:00,226.75,227.1,226.7,226.85
2673,2024-02-29 14:54:00,226.8,227.5,226.4,227.3
2674,2024-02-29 14:57:00,227.35,227.45,226.6,226.75
2675,2024-02-29 15:00:00,226.7,229.35,225.2,227.5
2676,2024-02-29 15:03:00,227.4,227.4,224.65,225.65
2677,2024-02-29 15:06:00,225.55,226.55,224.8,225.2
2678,2024-02-29 15:09:00,225.15,225.95,225.1,225.5
2679,2024-02-29 15:12:00,225.45,225.5,225.15,225.2
2680,2024-02-29 15:15:00,225.15,225.7,223.8,225.1
2681,2024-02-29 15:18:00,225.0,226.0,224.75,225.95
2682,2024-02-29 15:21:00,226.0,226.55,225.8,226.45
2683,2024-02-29 15:24:00,226.4,226.5,225.0,225.95
2684,2024-02-29 15:27:00,225.85,228.05,225.35,227.4
2685,2024-03-01 09:15:00,227.15,229.2,227.15,228.75
2686,2024-03-01 09:18:00,228.65,229.2,228.35,228.65
2687,2024-03-01 09:21:00,228.8,229.65,228.75,229.4
2688,2024-03-01 09:24:00,229.35,230.5,229.25,230.25
2689,2024-03-01 09:27:00,230.2,230.6,229.6,230.35
2690,2024-03-01 09:30:00,230.25,230.45,229.55,230.0
2691,2024-03-01 09:33:00,229.95,230.05,229.6,229.9
2692,2024-03-01 09:36:00,229.85,229.95,229.4,229.6
2693,2024-03-01 09:39:00,229.65,229.85,229.5,229.7
2694,2024-03-01 09:42:00,229.8,230.5,229.7,230.15
2695,2024-03-01 09:45:00,230.0,230.35,229.25,229.35
2696,2024-03-01 09:48:00,229.4,229.7,229.0,229.0
2697,2024-03-01 09:51:00,229.05,229.5,228.85,229.4
2698,2024-03-01 09:54:00,229.25,229.5,228.8,228.8
2699,2024-03-01 09:57:00,228.85,228.95,228.6,228.7
2700,2024-03-01 10:00:00,228.6,228.95,228.5,228.85
2701,2024-03-01 10:03:00,228.95,229.05,228.8,228.95
2702,2024-03-01 10:06:00,228.9,229.65,228.85,229.35
2703,2024-03-01 10:09:00,229.3,229.5,229.0,229.35
2704,2024-03-01 10:12:00,229.45,229.65,229.35,229.35
2705,2024-03-01 10:15:00,229.4,229.65,229.15,229.4
2706,2024-03-01 10:18:00,229.45,229.5,228.7,229.1
2707,2024-03-01 10:21:00,229.0,229.25,228.75,228.95
2708,2024-03-01 10:24:00,229.0,229.1,228.6,228.7
2709,2024-03-01 10:27:00,228.6,228.85,228.5,228.65
2710,2024-03-01 10:30:00,228.7,228.85,228.55,228.65
2711,2024-03-01 10:33:00,228.6,228.85,228.25,228.75
2712,2024-03-01 10:36:00,228.8,229.0,228.5,228.75
2713,2024-03-01 10:39:00,228.7,228.7,228.1,228.25
2714,2024-03-01 10:42:00,228.3,228.6,228.2,228.5
2715,2024-03-01 10:45:00,228.45,228.7,228.45,228.65
2716,2024-03-01 10:48:00,228.55,228.75,228.45,228.5
2717,2024-03-01 10:51:00,228.55,228.85,228.4,228.75
2718,2024-03-01 10:54:00,228.7,228.9,228.7,228.8
2719,2024-03-01 10:57:00,228.7,229.25,228.7,229.0
2720,2024-03-01 11:00:00,229.05,229.4,228.95,229.35
2721,2024-03-01 11:03:00,229.3,229.7,229.05,229.4
2722,2024-03-01 11:06:00,229.5,229.6,229.3,229.4
2723,2024-03-01 11:09:00,229.35,229.4,229.05,229.1
2724,2024-03-01 11:12:00,229.2,229.25,229.0,229.05
2725,2024-03-01 11:15:00,229.1,229.5,229.1,229.4
2726,2024-03-01 11:18:00,229.45,229.55,229.3,229.4
2727,2024-03-01 11:21:00,229.3,229.9,229.3,229.85
2728,2024-03-01 11:24:00,229.75,230.2,229.65,230.0
2729,2024-03-01 11:27:00,230.05,230.15,229.95,229.95
2730,2024-03-01 11:30:00,230.0,230.1,229.7,230.0
2731,2024-03-01 11:33:00,230.05,230.1,229.8,230.0
2732,2024-03-01 11:36:00,230.2,230.5,229.9,230.0
2733,2024-03-01 11:39:00,229.9,230.15,229.65,229.9
2734,2024-03-01 11:42:00,229.85,230.45,229.85,229.9
2735,2024-03-01 11:45:00,229.95,230.55,229.95,230.45
2736,2024-03-01 11:48:00,230.5,230.55,230.3,230.35
2737,2024-03-01 11:51:00,230.4,230.4,230.2,230.4
2738,2024-03-01 11:54:00,230.35,230.55,229.8,229.9
2739,2024-03-01 11:57:00,229.8,230.0,229.4,229.45
2740,2024-03-01 12:00:00,229.5,229.9,229.4,229.85
2741,2024-03-01 12:03:00,229.9,229.9,229.5,229.55
2742,2024-03-01 12:06:00,229.5,229.55,229.25,229.35
2743,2024-03-01 12:09:00,229.3,229.35,228.7,228.95
2744,2024-03-01 12:12:00,229.0,229.25,228.85,229.2
2745,2024-03-01 12:15:00,229.15,229.3,228.6,228.9
2746,2024-03-01 12:18:00,229.0,229.0,228.8,229.0
2747,2024-03-01 12:21:00,228.95,229.25,228.9,229.05
2748,2024-03-01 12:24:00,229.0,229.2,228.95,229.05
2749,2024-03-01 12:27:00,229.0,229.25,228.95,229.2
2750,2024-03-01 12:30:00,229.1,229.2,229.0,229.05
2751,2024-03-01 12:33:00,229.0,229.05,228.9,228.9
2752,2024-03-01 12:36:00,229.0,229.3,228.9,229.3
2753,2024-03-01 12:39:00,229.35,229.7,229.1,229.25
2754,2024-03-01 12:42:00,229.15,229.4,229.15,229.35
2755,2024-03-01 12:45:00,229.3,229.55,229.1,229.25
2756,2024-03-01 12:48:00,229.35,229.7,229.3,229.65
2757,2024-03-01 12:51:00,229.55,229.7,229.4,229.55
2758,2024-03-01 12:54:00,229.7,230.25,229.55,230.0
2759,2024-03-01 12:57:00,229.95,230.45,229.8,230.15
2760,2024-03-01 13:00:00,230.2,231.1,230.2,231.0
2761,2024-03-01 13:03:00,230.95,231.4,230.8,231.15
2762,2024-03-01 13:06:00,231.05,231.4,230.7,231.4
2763,2024-03-01 13:09:00,231.5,231.5,230.8,230.85
2764,2024-03-01 13:12:00,230.9,231.4,230.75,231.2
2765,2024-03-01 13:15:00,231.3,231.7,231.15,231.55
2766,2024-03-01 13:18:00,231.6,231.7,231.0,231.15
2767,2024-03-01 13:21:00,231.0,231.2,231.0,231.05
2768,2024-03-01 13:24:00,231.15,231.2,230.8,230.85
2769,2024-03-01 13:27:00,230.8,231.0,230.75,231.0
2770,2024-03-01 13:30:00,230.85,231.0,230.6,230.7
2771,2024-03-01 13:33:00,230.55,230.8,230.3,230.55
2772,2024-03-01 13:36:00,230.6,230.6,230.15,230.5
2773,2024-03-01 13:39:00,230.55,230.65,230.25,230.45
2774,2024-03-01 13:42:00,230.35,230.5,230.25,230.4
2775,2024-03-01 13:45:00,230.45,230.5,230.15,230.5
2776,2024-03-01 13:48:00,230.35,230.65,230.2,230.45
2777,2024-03-01 13:51:00,230.35,230.55,230.3,230.4
2778,2024-03-01 13:54:00,230.45,230.65,230.4,230.55
2779,2024-03-01 13:57:00,230.5,230.9,230.5,230.9
2780,2024-03-01 14:00:00,230.75,231.05,230.6,230.65
2781,2024-03-01 14:03:00,230.7,230.85,230.55,230.7
2782,2024-03-01 14:06:00,230.8,231.25,230.7,230.95
2783,2024-03-01 14:09:00,231.0,231.1,230.8,230.8
2784,2024-03-01 14:12:00,230.9,231.8,230.9,231.7
2785,2024-03-01 14:15:00,231.75,233.8,231.6,233.4
2786,2024-03-01 14:18:00,233.35,234.25,232.75,233.95
2787,2024-03-01 14:21:00,233.8,233.95,233.2,233.4
2788,2024-03-01 14:24:00,233.5,233.65,233.35,233.5
2789,2024-03-01 14:27:00,233.45,233.75,233.1,233.2
2790,2024-03-01 14:30:00,233.25,233.3,233.1,233.15
2791,2024-03-01 14:33:00,233.25,234.55,233.25,234.5
2792,2024-03-01 14:36:00,234.35,234.35,233.75,233.95
2793,2024-03-01 14:39:00,234.0,234.1,233.4,233.65
2794,2024-03-01 14:42:00,233.7,233.75,233.05,233.1
2795,2024-03-01 14:45:00,233.2,233.6,232.75,233.0
2796,2024-03-01 14:48:00,232.95,233.05,232.6,232.95
2797,2024-03-01 14:51:00,232.9,233.25,232.5,232.55
2798,2024-03-01 14:54:00,232.5,232.6,231.9,232.25
2799,2024-03-01 14:57:00,232.2,232.3,231.8,231.9
2800,2024-03-01 15:00:00,232.0,232.25,231.1,231.2
2801,2024-03-01 15:03:00,231.1,231.4,230.85,230.95
2802,2024-03-01 15:06:00,230.85,231.0,230.65,230.75
2803,2024-03-01 15:09:00,230.85,231.1,230.65,230.75
2804,2024-03-01 15:12:00,230.7,231.15,230.65,230.95
2805,2024-03-01 15:15:00,230.9,231.4,230.85,231.3
2806,2024-03-01 15:18:00,231.25,231.4,231.15,231.3
2807,2024-03-01 15:21:00,231.2,231.35,231.1,231.25
2808,2024-03-01 15:24:00,231.3,231.35,230.9,231.25
2809,2024-03-01 15:27:00,231.2,232.0,231.1,231.95
2810,2024-03-02 09:15:00,231.95,233.2,231.9,233.0
2811,2024-03-02 09:18:00,233.15,233.15,232.8,232.9
2812,2024-03-02 09:21:00,232.75,232.9,232.35,232.7
2813,2024-03-02 09:24:00,232.75,233.3,232.7,233.3
2814,2024-03-02 09:27:00,233.05,233.6,233.05,233.5
2815,2024-03-02 09:30:00,233.45,234.05,233.45,234.0
2816,2024-03-02 09:33:00,233.85,234.05,233.7,233.7
2817,2024-03-02 09:36:00,233.95,233.95,233.6,233.65
2818,2024-03-02 09:39:00,233.6,233.7,233.45,233.45
2819,2024-03-02 09:42:00,233.5,233.6,233.4,233.5
2820,2024-03-02 09:45:00,233.4,233.75,233.4,233.7
2821,2024-03-02 09:48:00,233.6,233.9,233.6,233.8
2822,2024-03-02 09:51:00,233.75,233.75,233.45,233.7
2823,2024-03-02 09:54:00,233.65,233.7,233.4,233.5
2824,2024-03-02 09:57:00,233.4,234.0,233.4,233.9
2825,2024-03-02 11:30:00,233.95,234.0,233.0,233.75
2826,2024-03-02 11:33:00,233.7,233.75,233.5,233.55
2827,2024-03-02 11:36:00,233.6,233.95,233.55,233.65
2828,2024-03-02 11:39:00,233.6,234.0,233.6,234.0
2829,2024-03-02 11:42:00,233.95,234.7,233.95,234.6
2830,2024-03-02 11:45:00,234.55,234.75,234.5,234.65
2831,2024-03-02 11:48:00,234.7,234.95,234.6,234.9
2832,2024-03-02 11:51:00,234.85,234.9,234.55,234.8
2833,2024-03-02 11:54:00,234.7,234.9,234.7,234.85
2834,2024-03-02 11:57:00,234.8,234.85,234.5,234.55
2835,2024-03-02 12:00:00,234.5,234.65,234.5,234.6
2836,2024-03-02 12:03:00,234.65,234.85,234.55,234.8
2837,2024-03-02 12:06:00,234.75,234.85,234.55,234.75
2838,2024-03-02 12:09:00,234.8,234.85,234.5,234.85
2839,2024-03-02 12:12:00,234.8,234.85,234.75,234.8
2840,2024-03-02 12:15:00,234.85,234.85,234.6,234.7
2841,2024-03-02 12:18:00,234.8,234.8,234.6,234.75
2842,2024-03-02 12:21:00,234.8,234.85,234.7,234.7
2843,2024-03-02 12:24:00,234.8,234.85,234.65,234.8
2844,2024-03-02 12:27:00,234.85,236.5,234.4,236.5
2845,2024-03-04 09:15:00,236.6,236.8,234.85,235.8
2846,2024-03-04 09:18:00,235.9,237.25,235.6,236.5
2847,2024-03-04 09:21:00,236.4,237.15,236.35,236.75
2848,2024-03-04 09:24:00,236.5,238.1,236.5,237.85
2849,2024-03-04 09:27:00,237.9,237.9,236.85,236.9
2850,2024-03-04 09:30:00,236.7,237.45,236.05,237.1
2851,2024-03-04 09:33:00,237.25,239.2,237.1,238.9
2852,2024-03-04 09:36:00,238.85,238.9,235.75,235.9
2853,2024-03-04 09:39:00,235.7,236.35,235.0,235.8
2854,2024-03-04 09:42:00,235.9,236.5,235.8,236.35
2855,2024-03-04 09:45:00,236.4,236.45,235.3,235.3
2856,2024-03-04 09:48:00,235.4,235.4,234.15,234.4
2857,2024-03-04 09:51:00,234.45,235.35,234.45,234.95
2858,2024-03-04 09:54:00,234.9,235.15,234.4,234.6
2859,2024-03-04 09:57:00,234.5,234.6,234.05,234.45
2860,2024-03-04 10:00:00,234.35,234.9,233.85,234.8
2861,2024-03-04 10:03:00,234.7,235.1,234.6,234.9
2862,2024-03-04 10:06:00,235.0,235.1,234.7,235.1
2863,2024-03-04 10:09:00,235.15,236.3,235.1,235.9
2864,2024-03-04 10:12:00,235.85,236.55,235.8,236.15
2865,2024-03-04 10:15:00,236.05,236.95,235.8,236.95
2866,2024-03-04 10:18:00,237.0,237.0,236.15,236.4
2867,2024-03-04 10:21:00,236.5,236.85,236.25,236.7
2868,2024-03-04 10:24:00,236.65,236.8,236.15,236.2
2869,2024-03-04 10:27:00,236.15,236.75,236.05,236.7
2870,2024-03-04 10:30:00,236.75,237.15,236.5,236.95
2871,2024-03-04 10:33:00,237.0,237.65,236.9,237.3
2872,2024-03-04 10:36:00,237.25,238.35,237.25,238.0
2873,2024-03-04 10:39:00,237.9,238.25,237.6,237.8
2874,2024-03-04 10:42:00,237.65,238.0,237.65,237.75
2875,2024-03-04 10:45:00,237.85,238.65,237.7,238.5
2876,2024-03-04 10:48:00,238.6,238.75,238.05,238.3
2877,2024-03-04 10:51:00,238.25,238.45,237.8,238.0
2878,2024-03-04 10:54:00,237.95,238.1,237.3,237.45
2879,2024-03-04 10:57:00,237.3,237.4,236.6,236.6
2880,2024-03-04 11:00:00,236.7,237.65,236.55,237.65
2881,2024-03-04 11:03:00,237.6,237.95,237.25,237.95
2882,2024-03-04 11:06:00,237.85,237.95,237.25,237.65
2883,2024-03-04 11:09:00,237.6,237.8,237.4,237.75
2884,2024-03-04 11:12:00,237.8,237.95,237.55,237.9
2885,2024-03-04 11:15:00,237.75,237.8,237.4,237.6
2886,2024-03-04 11:18:00,237.5,237.7,237.35,237.45
2887,2024-03-04 11:21:00,237.6,238.2,237.5,237.7
2888,2024-03-04 11:24:00,237.8,238.0,237.6,238.0
2889,2024-03-04 11:27:00,237.95,238.2,237.85,238.0
2890,2024-03-04 11:30:00,238.05,238.7,238.0,238.55
2891,2024-03-04 11:33:00,238.65,238.85,238.55,238.65
2892,2024-03-04 11:36:00,238.7,238.85,238.5,238.55
2893,2024-03-04 11:39:00,238.6,238.85,238.25,238.65
2894,2024-03-04 11:42:00,238.6,239.15,238.5,238.7
2895,2024-03-04 11:45:00,238.65,238.75,238.4,238.5
2896,2024-03-04 11:48:00,238.55,238.7,238.05,238.4
2897,2024-03-04 11:51:00,238.35,238.35,238.05,238.05
2898,2024-03-04 11:54:00,238.1,238.55,238.05,238.4
2899,2024-03-04 11:57:00,238.35,238.5,237.85,237.85
2900,2024-03-04 12:00:00,237.9,238.4,237.9,238.3
2901,2024-03-04 12:03:00,238.2,238.5,238.0,238.2
2902,2024-03-04 12:06:00,238.15,238.4,238.0,238.15
2903,2024-03-04 12:09:00,238.1,238.1,237.8,237.95
2904,2024-03-04 12:12:00,238.0,238.3,237.95,238.3
2905,2024-03-04 12:15:00,238.15,238.35,238.05,238.35
2906,2024-03-04 12:18:00,238.4,238.6,238.3,238.5
2907,2024-03-04 12:21:00,238.4,238.5,238.15,238.5
2908,2024-03-04 12:24:00,238.45,238.7,238.4,238.7
2909,2024-03-04 12:27:00,238.6,239.1,238.55,238.65
2910,2024-03-04 12:30:00,238.7,238.85,238.6,238.8
2911,2024-03-04 12:33:00,238.75,238.8,238.55,238.6
2912,2024-03-04 12:36:00,238.7,238.7,237.9,238.4
2913,2024-03-04 12:39:00,238.35,238.4,237.55,237.8
2914,2024-03-04 12:42:00,237.85,238.3,237.85,238.1
2915,2024-03-04 12:45:00,238.0,238.25,237.75,237.8
2916,2024-03-04 12:48:00,237.75,238.15,237.75,237.8
2917,2024-03-04 12:51:00,237.75,238.1,237.4,237.5
2918,2024-03-04 12:54:00,237.45,238.25,237.4,238.25
2919,2024-03-04 12:57:00,238.2,238.45,238.0,238.4
2920,2024-03-04 13:00:00,238.35,238.6,238.35,238.5
2921,2024-03-04 13:03:00,238.4,238.6,238.35,238.6
2922,2024-03-04 13:06:00,238.5,238.6,238.4,238.4
2923,2024-03-04 13:09:00,238.45,238.45,238.2,238.4
2924,2024-03-04 13:12:00,238.25,238.4,238.0,238.0
2925,2024-03-04 13:15:00,238.15,238.5,238.0,238.3
2926,2024-03-04 13:18:00,238.35,238.55,238.15,238.55
2927,2024-03-04 13:21:00,238.5,238.7,238.5,238.6
2928,2024-03-04 13:24:00,238.5,238.75,238.5,238.6
2929,2024-03-04 13:27:00,238.7,239.25,238.6,239.0
2930,2024-03-04 13:30:00,239.05,239.65,238.9,239.6
2931,2024-03-04 13:33:00,239.65,240.2,239.6,239.95
2932,2024-03-04 13:36:00,239.85,240.6,239.8,240.1
2933,2024-03-04 13:39:00,240.15,240.6,240.1,240.5
2934,2024-03-04 13:42:00,240.4,240.9,240.4,240.7
2935,2024-03-04 13:45:00,240.75,240.8,240.35,240.75
2936,2024-03-04 13:48:00,240.7,241.0,240.5,240.7
2937,2024-03-04 13:51:00,240.8,240.8,240.35,240.4
2938,2024-03-04 13:54:00,240.35,240.5,240.0,240.35
2939,2024-03-04 13:57:00,240.4,240.45,240.05,240.25
2940,2024-03-04 14:00:00,240.3,240.9,240.25,240.35
2941,2024-03-04 14:03:00,240.3,241.15,240.1,241.15
2942,2024-03-04 14:06:00,241.0,241.2,240.7,240.8
2943,2024-03-04 14:09:00,240.9,241.25,240.55,240.75
2944,2024-03-04 14:12:00,240.85,241.15,240.65,240.95
2945,2024-03-04 14:15:00,241.0,241.65,240.95,241.4
2946,2024-03-04 14:18:00,241.3,241.5,241.05,241.15
2947,2024-03-04 14:21:00,241.05,241.25,240.9,240.9
2948,2024-03-04 14:24:00,241.0,241.65,241.0,241.5
2949,2024-03-04 14:27:00,241.6,241.9,241.1,241.25
2950,2024-03-04 14:30:00,241.3,241.45,241.0,241.4
2951,2024-03-04 14:33:00,241.45,241.5,241.0,241.05
2952,2024-03-04 14:36:00,241.0,241.1,240.2,240.4
2953,2024-03-04 14:39:00,240.3,240.75,240.25,240.45
2954,2024-03-04 14:42:00,240.35,240.75,240.25,240.4
2955,2024-03-04 14:45:00,240.45,240.65,240.0,240.6
2956,2024-03-04 14:48:00,240.5,240.8,240.35,240.65
2957,2024-03-04 14:51:00,240.6,240.9,240.5,240.5
2958,2024-03-04 14:54:00,240.55,240.8,240.25,240.3
2959,2024-03-04 14:57:00,240.25,240.5,240.15,240.3
2960,2024-03-04 15:00:00,240.25,240.6,240.05,240.55
2961,2024-03-04 15:03:00,240.5,240.65,240.2,240.35
2962,2024-03-04 15:06:00,240.4,240.45,239.8,239.95
2963,2024-03-04 15:09:00,240.0,240.15,239.75,239.95
2964,2024-03-04 15:12:00,240.0,240.25,239.7,239.8
2965,2024-03-04 15:15:00,239.75,239.95,239.55,239.75
2966,2024-03-04 15:18:00,239.7,240.15,239.55,240.0
2967,2024-03-04 15:21:00,240.05,240.5,239.95,240.2
2968,2024-03-04 15:24:00,240.25,240.6,240.2,240.35
2969,2024-03-04 15:27:00,240.4,240.5,239.9,239.9
2970,2024-03-05 09:15:00,239.5,241.0,239.3,240.9
2971,2024-03-05 09:18:00,240.85,241.4,239.9,240.0
2972,2024-03-05 09:21:00,239.95,241.35,239.85,241.1
2973,2024-03-05 09:24:00,241.0,241.6,240.35,241.5
2974,2024-03-05 09:27:00,241.45,242.1,241.2,241.5
2975,2024-03-05 09:30:00,241.45,242.2,241.15,242.15
2976,2024-03-05 09:33:00,242.0,242.4,241.8,241.95
2977,2024-03-05 09:36:00,242.1,242.5,241.95,242.45
2978,2024-03-05 09:39:00,242.55,242.6,241.85,242.0
2979,2024-03-05 09:42:00,242.05,242.2,241.6,241.65
2980,2024-03-05 09:45:00,241.75,242.15,240.5,240.8
2981,2024-03-05 09:48:00,240.9,241.15,240.65,241.05
2982,2024-03-05 09:51:00,241.0,241.4,240.5,241.4
2983,2024-03-05 09:54:00,241.3,242.1,241.3,241.75
2984,2024-03-05 09:57:00,241.7,242.15,241.35,242.1
2985,2024-03-05 10:00:00,242.15,242.15,241.35,241.55
2986,2024-03-05 10:03:00,241.45,241.95,241.35,241.85
2987,2024-03-05 10:06:00,241.8,242.15,241.65,241.7
2988,2024-03-05 10:09:00,241.9,242.75,241.8,242.45
2989,2024-03-05 10:12:00,242.3,242.7,242.3,242.7
2990,2024-03-05 10:15:00,242.6,242.65,241.6,241.6
2991,2024-03-05 10:18:00,241.7,241.9,241.2,241.25
2992,2024-03-05 10:21:00,241.3,241.3,240.75,240.95
2993,2024-03-05 10:24:00,240.85,241.45,240.8,241.2
2994,2024-03-05 10:27:00,241.25,241.75,241.15,241.45
2995,2024-03-05 10:30:00,241.4,241.75,241.0,241.45
2996,2024-03-05 10:33:00,241.5,241.5,241.1,241.1
2997,2024-03-05 10:36:00,241.15,241.8,241.1,241.7
2998,2024-03-05 10:39:00,241.65,241.9,241.45,241.6
2999,2024-03-05 10:42:00,241.55,241.6,241.25,241.3
3000,2024-03-05 10:45:00,241.35,241.5,241.2,241.35
3001,2024-03-05 10:48:00,241.3,241.4,241.05,241.3
3002,2024-03-05 10:51:00,241.2,241.5,240.65,240.7
3003,2024-03-05 10:54:00,240.75,241.2,240.5,241.0
3004,2024-03-05 10:57:00,241.05,241.5,240.8,241.45
3005,2024-03-05 11:00:00,241.4,241.45,240.7,240.8
3006,2024-03-05 11:03:00,240.65,240.85,240.0,240.4
3007,2024-03-05 11:06:00,240.45,240.95,240.45,240.95
3008,2024-03-05 11:09:00,240.9,241.0,240.6,240.7
3009,2024-03-05 11:12:00,240.65,240.9,240.45,240.45
3010,2024-03-05 11:15:00,240.4,240.45,239.8,240.15
3011,2024-03-05 11:18:00,240.1,240.4,239.75,240.3
3012,2024-03-05 11:21:00,240.2,240.75,240.15,240.45
3013,2024-03-05 11:24:00,240.4,240.9,240.3,240.9
3014,2024-03-05 11:27:00,240.85,241.3,240.85,241.2
3015,2024-03-05 11:30:00,241.15,241.6,241.15,241.55
3016,2024-03-05 11:33:00,241.65,241.9,241.45,241.8
3017,2024-03-05 11:36:00,241.75,242.3,241.75,242.0
3018,2024-03-05 11:39:00,241.85,242.25,241.8,242.15
3019,2024-03-05 11:42:00,242.2,242.45,242.0,242.25
3020,2024-03-05 11:45:00,242.2,242.6,242.15,242.55
3021,2024-03-05 11:48:00,242.5,242.75,242.4,242.4
3022,2024-03-05 11:51:00,242.45,242.75,242.2,242.5
3023,2024-03-05 11:54:00,242.6,242.6,242.2,242.3
3024,2024-03-05 11:57:00,242.4,242.4,242.2,242.25
3025,2024-03-05 12:00:00,242.2,242.8,242.1,242.35
3026,2024-03-05 12:03:00,242.2,242.3,241.85,242.0
3027,2024-03-05 12:06:00,242.1,242.2,242.0,242.2
3028,2024-03-05 12:09:00,242.15,242.2,241.8,241.85
3029,2024-03-05 12:12:00,241.8,241.95,241.7,241.75
3030,2024-03-05 12:15:00,241.7,242.1,241.65,242.0
3031,2024-03-05 12:18:00,241.95,242.1,241.8,242.1
3032,2024-03-05 12:21:00,242.0,242.05,241.7,241.8
3033,2024-03-05 12:24:00,241.75,241.8,241.3,241.6
3034,2024-03-05 12:27:00,241.55,241.7,241.15,241.25
3035,2024-03-05 12:30:00,241.05,241.3,240.8,241.25
3036,2024-03-05 12:33:00,241.3,241.4,240.9,241.05
3037,2024-03-05 12:36:00,241.0,241.05,240.8,241.0
3038,2024-03-05 12:39:00,240.95,241.0,240.5,240.75
3039,2024-03-05 12:42:00,240.7,240.85,240.3,240.5
3040,2024-03-05 12:45:00,240.45,240.5,240.3,240.35
3041,2024-03-05 12:48:00,240.3,240.95,240.25,240.95
3042,2024-03-05 12:51:00,241.0,241.05,240.8,240.95
3043,2024-03-05 12:54:00,241.0,241.0,240.8,240.95
3044,2024-03-05 12:57:00,240.9,241.0,240.7,240.85
3045,2024-03-05 13:00:00,240.9,240.9,240.5,240.55
3046,2024-03-05 13:03:00,240.6,240.85,240.35,240.75
3047,2024-03-05 13:06:00,240.8,241.0,240.7,240.9
3048,2024-03-05 13:09:00,240.85,240.95,240.6,240.9
3049,2024-03-05 13:12:00,240.85,240.9,240.75,240.9
3050,2024-03-05 13:15:00,240.85,240.95,240.7,240.7
3051,2024-03-05 13:18:00,240.75,240.75,240.15,240.4
3052,2024-03-05 13:21:00,240.3,240.85,240.3,240.7
3053,2024-03-05 13:24:00,240.65,240.95,240.5,240.95
3054,2024-03-05 13:27:00,240.9,241.0,240.8,240.9
3055,2024-03-05 13:30:00,240.95,240.95,240.7,240.7
3056,2024-03-05 13:33:00,240.75,240.9,240.75,240.75
3057,2024-03-05 13:36:00,240.8,240.9,240.7,240.85
3058,2024-03-05 13:39:00,240.9,241.2,240.85,241.15
3059,2024-03-05 13:42:00,241.25,241.55,241.25,241.45
3060,2024-03-05 13:45:00,241.5,241.85,241.35,241.8
3061,2024-03-05 13:48:00,241.85,241.9,241.15,241.45
3062,2024-03-05 13:51:00,241.5,241.95,241.1,241.85
3063,2024-03-05 13:54:00,241.8,242.1,241.6,241.9
3064,2024-03-05 13:57:00,241.95,242.15,241.85,242.0
3065,2024-03-05 14:00:00,242.1,242.2,241.95,242.1
3066,2024-03-05 14:03:00,242.15,242.4,242.05,242.35
3067,2024-03-05 14:06:00,242.4,242.65,242.35,242.4
3068,2024-03-05 14:09:00,242.45,242.45,241.8,241.9
3069,2024-03-05 14:12:00,241.8,242.0,241.5,241.9
3070,2024-03-05 14:15:00,241.95,242.1,241.65,241.75
3071,2024-03-05 14:18:00,241.7,242.0,241.6,241.8
3072,2024-03-05 14:21:00,241.75,242.0,241.75,241.95
3073,2024-03-05 14:24:00,241.9,242.35,241.85,242.25
3074,2024-03-05 14:27:00,242.2,242.35,241.7,241.75
3075,2024-03-05 14:30:00,241.7,242.3,241.7,242.3
3076,2024-03-05 14:33:00,242.2,242.4,242.05,242.15
3077,2024-03-05 14:36:00,242.05,242.25,241.8,242.2
3078,2024-03-05 14:39:00,242.15,242.2,241.7,242.15
3079,2024-03-05 14:42:00,242.2,242.25,241.55,241.65
3080,2024-03-05 14:45:00,241.7,241.95,241.5,241.95
3081,2024-03-05 14:48:00,241.75,242.0,241.75,241.85
3082,2024-03-05 14:51:00,241.9,242.25,241.75,242.1
3083,2024-03-05 14:54:00,242.15,242.2,241.8,242.1
3084,2024-03-05 14:57:00,242.05,242.3,241.7,241.85
3085,2024-03-05 15:00:00,241.9,242.4,241.85,242.25
3086,2024-03-05 15:03:00,242.3,242.5,242.2,242.35
3087,2024-03-05 15:06:00,242.4,242.45,242.1,242.35
3088,2024-03-05 15:09:00,242.4,242.5,242.2,242.2
3089,2024-03-05 15:12:00,242.25,242.5,242.05,242.45
3090,2024-03-05 15:15:00,242.5,242.7,242.45,242.6
3091,2024-03-05 15:18:00,242.65,242.9,242.6,242.75
3092,2024-03-05 15:21:00,242.8,242.95,242.75,242.9
3093,2024-03-05 15:24:00,242.85,243.3,242.85,243.15
3094,2024-03-05 15:27:00,243.2,243.5,243.0,243.15
3095,2024-03-06 09:15:00,242.8,245.1,242.25,244.3
3096,2024-03-06 09:18:00,244.25,244.95,243.5,244.35
3097,2024-03-06 09:21:00,244.2,244.8,244.0,244.35
3098,2024-03-06 09:24:00,244.45,244.45,242.8,242.9
3099,2024-03-06 09:27:00,242.95,243.65,242.3,242.65
3100,2024-03-06 09:30:00,242.6,242.65,240.9,241.25
3101,2024-03-06 09:33:00,241.3,241.35,240.1,240.7
3102,2024-03-06 09:36:00,240.65,240.75,239.75,240.05
3103,2024-03-06 09:39:00,240.15,240.65,239.4,240.4
3104,2024-03-06 09:42:00,240.35,240.85,240.05,240.4
3105,2024-03-06 09:45:00,240.5,240.75,239.5,239.65
3106,2024-03-06 09:48:00,239.7,239.7,238.0,238.7
3107,2024-03-06 09:51:00,238.85,239.2,237.9,238.2
3108,2024-03-06 09:54:00,238.05,238.2,237.25,237.45
3109,2024-03-06 09:57:00,237.4,237.5,236.2,236.5
3110,2024-03-06 10:00:00,236.55,236.85,235.6,236.6
3111,2024-03-06 10:03:00,236.55,236.9,235.75,235.85
3112,2024-03-06 10:06:00,235.9,236.75,235.75,236.6
3113,2024-03-06 10:09:00,236.75,237.3,236.55,237.0
3114,2024-03-06 10:12:00,236.85,237.0,236.25,236.45
3115,2024-03-06 10:15:00,236.5,237.7,235.9,237.6
3116,2024-03-06 10:18:00,237.7,237.95,237.2,237.75
3117,2024-03-06 10:21:00,237.7,237.7,237.0,237.3
3118,2024-03-06 10:24:00,237.25,237.3,236.5,237.2
3119,2024-03-06 10:27:00,237.15,237.15,236.4,236.55
3120,2024-03-06 10:30:00,236.6,237.7,236.45,237.7
3121,2024-03-06 10:33:00,237.6,237.95,237.5,237.6
3122,2024-03-06 10:36:00,237.5,237.8,237.3,237.4
3123,2024-03-06 10:39:00,237.45,237.6,236.8,237.5
3124,2024-03-06 10:42:00,237.55,238.35,237.5,238.25
3125,2024-03-06 10:45:00,238.2,238.8,238.1,238.75
3126,2024-03-06 10:48:00,238.8,239.0,238.5,238.75
3127,2024-03-06 10:51:00,238.7,238.95,238.45,238.8
3128,2024-03-06 10:54:00,238.7,239.3,238.3,238.3
3129,2024-03-06 10:57:00,238.4,238.5,237.45,237.9
3130,2024-03-06 11:00:00,238.0,238.35,237.85,238.05
3131,2024-03-06 11:03:00,238.15,238.15,237.5,237.6
3132,2024-03-06 11:06:00,237.55,237.65,236.6,236.85
3133,2024-03-06 11:09:00,237.0,237.5,236.55,237.3
3134,2024-03-06 11:12:00,237.25,237.8,236.8,237.75
3135,2024-03-06 11:15:00,237.7,237.9,237.1,237.5
3136,2024-03-06 11:18:00,237.55,237.7,237.35,237.4
3137,2024-03-06 11:21:00,237.45,237.55,236.9,237.1
3138,2024-03-06 11:24:00,237.05,237.1,236.5,236.9
3139,2024-03-06 11:27:00,236.95,238.1,236.9,238.0
3140,2024-03-06 11:30:00,237.95,238.0,237.3,237.55
3141,2024-03-06 11:33:00,237.5,237.5,236.8,237.25
3142,2024-03-06 11:36:00,237.35,237.45,236.85,237.0
3143,2024-03-06 11:39:00,237.1,237.1,236.35,236.7
3144,2024-03-06 11:42:00,236.65,236.9,236.5,236.7
3145,2024-03-06 11:45:00,236.6,236.6,236.05,236.3
3146,2024-03-06 11:48:00,236.25,237.3,236.25,237.25
3147,2024-03-06 11:51:00,237.3,237.55,236.4,236.7
3148,2024-03-06 11:54:00,236.85,237.0,236.45,236.5
3149,2024-03-06 11:57:00,236.7,237.0,236.2,236.5
3150,2024-03-06 12:00:00,236.45,236.45,236.0,236.1
3151,2024-03-06 12:03:00,236.15,236.4,235.7,236.2
3152,2024-03-06 12:06:00,236.3,236.9,236.25,236.55
3153,2024-03-06 12:09:00,236.6,236.9,236.25,236.8
3154,2024-03-06 12:12:00,236.9,237.25,236.8,237.25
3155,2024-03-06 12:15:00,237.15,237.25,236.05,236.05
3156,2024-03-06 12:18:00,236.1,236.95,235.95,236.7
3157,2024-03-06 12:21:00,236.75,236.85,236.35,236.75
3158,2024-03-06 12:24:00,236.7,237.1,236.55,236.55
3159,2024-03-06 12:27:00,236.6,236.95,236.55,236.95
3160,2024-03-06 12:30:00,236.9,236.95,236.75,236.75
3161,2024-03-06 12:33:00,236.8,237.3,236.8,237.3
3162,2024-03-06 12:36:00,237.35,237.95,237.25,237.9
3163,2024-03-06 12:39:00,237.95,238.5,237.95,238.2
3164,2024-03-06 12:42:00,238.35,238.45,237.75,238.0
3165,2024-03-06 12:45:00,238.1,238.3,237.85,238.0
3166,2024-03-06 12:48:00,237.95,238.25,237.9,238.25
3167,2024-03-06 12:51:00,238.3,238.45,238.25,238.45
3168,2024-03-06 12:54:00,238.4,238.5,238.2,238.4
3169,2024-03-06 12:57:00,238.5,238.65,238.2,238.4
3170,2024-03-06 13:00:00,238.55,238.55,237.85,237.9
3171,2024-03-06 13:03:00,237.8,237.85,237.5,237.55
3172,2024-03-06 13:06:00,237.6,238.2,237.55,238.2
3173,2024-03-06 13:09:00,238.15,238.5,238.15,238.35
3174,2024-03-06 13:12:00,238.4,238.5,238.15,238.15
3175,2024-03-06 13:15:00,238.3,238.3,237.75,238.0
3176,2024-03-06 13:18:00,238.05,238.05,237.7,237.8
3177,2024-03-06 13:21:00,237.7,238.0,237.6,237.85
3178,2024-03-06 13:24:00,237.95,238.1,237.8,237.85
3179,2024-03-06 13:27:00,237.9,237.9,237.6,237.75
3180,2024-03-06 13:30:00,237.8,237.8,237.2,237.3
3181,2024-03-06 13:33:00,237.25,237.75,237.25,237.75
3182,2024-03-06 13:36:00,237.9,237.9,237.55,237.55
3183,2024-03-06 13:39:00,237.65,238.4,237.55,238.35
3184,2024-03-06 13:42:00,238.3,238.3,237.95,238.05
3185,2024-03-06 13:45:00,238.15,238.4,238.0,238.25
3186,2024-03-06 13:48:00,238.35,238.85,238.2,238.75
3187,2024-03-06 13:51:00,238.8,239.35,238.65,239.3
3188,2024-03-06 13:54:00,239.25,239.25,239.0,239.2
3189,2024-03-06 13:57:00,239.25,239.5,239.0,239.4
3190,2024-03-06 14:00:00,239.35,239.45,239.0,239.15
3191,2024-03-06 14:03:00,239.2,239.3,239.0,239.0
3192,2024-03-06 14:06:00,239.05,239.15,238.55,238.6
3193,2024-03-06 14:09:00,238.8,239.3,238.75,239.2
3194,2024-03-06 14:12:00,239.25,239.45,239.1,239.15
3195,2024-03-06 14:15:00,239.05,239.4,238.95,238.95
3196,2024-03-06 14:18:00,238.9,239.2,238.9,239.15
3197,2024-03-06 14:21:00,239.2,239.55,239.2,239.35
3198,2024-03-06 14:24:00,239.4,239.65,239.3,239.4
3199,2024-03-06 14:27:00,239.45,239.5,239.0,239.5
3200,2024-03-06 14:30:00,239.55,240.2,239.55,239.95
3201,2024-03-06 14:33:00,239.9,240.05,239.75,239.9
3202,2024-03-06 14:36:00,239.85,240.0,239.65,239.95
3203,2024-03-06 14:39:00,240.0,240.6,239.85,240.35
3204,2024-03-06 14:42:00,240.4,240.6,240.2,240.3
3205,2024-03-06 14:45:00,240.35,240.6,240.25,240.25
3206,2024-03-06 14:48:00,240.35,240.6,240.0,240.55
3207,2024-03-06 14:51:00,240.6,241.0,240.55,240.75
3208,2024-03-06 14:54:00,240.7,240.7,240.0,240.1
3209,2024-03-06 14:57:00,240.15,240.4,240.0,240.0
3210,2024-03-06 15:00:00,240.05,240.9,240.0,240.75
3211,2024-03-06 15:03:00,240.8,241.15,240.75,241.0
3212,2024-03-06 15:06:00,241.05,241.15,240.65,240.8
3213,2024-03-06 15:09:00,240.85,240.95,240.7,240.7
3214,2024-03-06 15:12:00,240.65,240.9,240.6,240.85
3215,2024-03-06 15:15:00,240.9,240.95,240.85,240.95
3216,2024-03-06 15:18:00,240.9,241.2,240.8,241.05
3217,2024-03-06 15:21:00,241.1,241.2,241.0,241.2
3218,2024-03-06 15:24:00,241.15,241.35,240.9,241.25
3219,2024-03-06 15:27:00,241.3,241.45,240.9,240.9
3220,2024-03-11 09:15:00,234.5,236.0,234.15,235.45
3221,2024-03-11 09:18:00,235.25,235.4,233.95,234.55
3222,2024-03-11 09:21:00,234.65,235.9,234.15,235.05
3223,2024-03-11 09:24:00,235.1,235.3,233.3,234.7
3224,2024-03-11 09:27:00,234.8,235.25,232.55,233.2
3225,2024-03-11 09:30:00,233.25,234.7,233.1,233.95
3226,2024-03-11 09:33:00,233.9,234.2,233.2,233.55
3227,2024-03-11 09:36:00,233.5,233.55,232.15,233.15
3228,2024-03-11 09:39:00,233.2,234.0,232.65,234.0
3229,2024-03-11 09:42:00,233.9,234.4,233.55,234.35
3230,2024-03-11 09:45:00,234.4,234.9,234.1,234.35
3231,2024-03-11 09:48:00,234.4,234.4,233.7,233.75
3232,2024-03-11 09:51:00,233.7,234.05,233.3,233.75
3233,2024-03-11 09:54:00,233.5,233.65,233.2,233.5
3234,2024-03-11 09:57:00,233.6,233.6,232.8,233.05
3235,2024-03-11 10:00:00,233.0,233.75,232.65,233.6
3236,2024-03-11 10:03:00,233.65,234.0,233.5,234.0
3237,2024-03-11 10:06:00,233.95,234.4,233.5,234.35
3238,2024-03-11 10:09:00,234.3,234.45,233.9,234.05
3239,2024-03-11 10:12:00,234.0,234.05,233.6,233.6
3240,2024-03-11 10:15:00,233.7,234.4,233.35,234.4
3241,2024-03-11 10:18:00,234.3,235.4,234.3,235.3
3242,2024-03-11 10:21:00,235.2,235.3,234.45,234.55
3243,2024-03-11 10:24:00,234.5,234.55,234.2,234.4
3244,2024-03-11 10:27:00,234.3,234.4,233.55,233.6
3245,2024-03-11 10:30:00,233.65,233.7,233.4,233.6
3246,2024-03-11 10:33:00,233.5,233.7,233.35,233.5
3247,2024-03-11 10:36:00,233.4,233.7,233.35,233.6
3248,2024-03-11 10:39:00,233.5,233.75,233.45,233.7
3249,2024-03-11 10:42:00,233.55,233.75,233.25,233.35
3250,2024-03-11 10:45:00,233.3,233.35,232.75,232.95
3251,2024-03-11 10:48:00,232.85,233.2,232.7,232.85
3252,2024-03-11 10:51:00,233.0,233.5,232.9,233.3
3253,2024-03-11 10:54:00,233.25,233.5,232.9,233.15
3254,2024-03-11 10:57:00,233.1,233.1,232.7,232.85
3255,2024-03-11 11:00:00,232.95,233.0,232.4,232.85
3256,2024-03-11 11:03:00,232.8,232.95,232.7,232.9
3257,2024-03-11 11:06:00,232.85,233.15,232.6,232.6
3258,2024-03-11 11:09:00,232.5,232.7,232.4,232.45
3259,2024-03-11 11:12:00,232.4,232.55,232.1,232.1
3260,2024-03-11 11:15:00,232.15,232.7,232.0,232.65
3261,2024-03-11 11:18:00,232.6,232.65,232.5,232.6
3262,2024-03-11 11:21:00,232.55,232.65,232.25,232.6
3263,2024-03-11 11:24:00,232.55,232.65,232.15,232.35
3264,2024-03-11 11:27:00,232.4,233.1,232.4,232.9
3265,2024-03-11 11:30:00,232.85,233.5,232.85,233.4
3266,2024-03-11 11:33:00,233.35,233.4,233.1,233.2
3267,2024-03-11 11:36:00,233.15,233.25,232.75,233.15
3268,2024-03-11 11:39:00,233.1,233.15,232.65,232.65
3269,2024-03-11 11:42:00,232.7,233.05,232.65,232.8
3270,2024-03-11 11:45:00,232.7,232.8,232.5,232.65
3271,2024-03-11 11:48:00,232.55,232.7,232.0,232.1
3272,2024-03-11 11:51:00,232.2,232.25,231.85,232.1
3273,2024-03-11 11:54:00,232.05,232.1,231.5,231.8
3274,2024-03-11 11:57:00,231.85,231.9,231.4,231.55
3275,2024-03-11 12:00:00,231.65,231.85,231.1,231.75
3276,2024-03-11 12:03:00,231.7,232.0,231.45,231.75
3277,2024-03-11 12:06:00,231.8,232.0,231.5,231.5
3278,2024-03-11 12:09:00,231.55,231.7,231.25,231.25
3279,2024-03-11 12:12:00,231.35,231.65,231.25,231.55
3280,2024-03-11 12:15:00,231.65,232.6,231.55,232.55
3281,2024-03-11 12:18:00,232.5,233.15,232.25,232.9
3282,2024-03-11 12:21:00,232.85,233.05,232.3,232.65
3283,2024-03-11 12:24:00,232.5,232.75,232.4,232.65
3284,2024-03-11 12:27:00,232.75,232.85,232.4,232.5
3285,2024-03-11 12:30:00,232.45,232.65,232.35,232.55
3286,2024-03-11 12:33:00,232.6,233.1,232.45,232.85
3287,2024-03-11 12:36:00,232.95,233.6,232.85,233.5
3288,2024-03-11 12:39:00,233.55,233.65,233.3,233.3
3289,2024-03-11 12:42:00,233.35,233.7,233.3,233.4
3290,2024-03-11 12:45:00,233.5,233.55,233.15,233.4
3291,2024-03-11 12:48:00,233.45,233.6,232.95,233.05
3292,2024-03-11 12:51:00,233.1,233.1,232.5,232.65
3293,2024-03-11 12:54:00,232.7,233.05,232.55,232.9
3294,2024-03-11 12:57:00,232.95,233.25,232.85,233.05
3295,2024-03-11 13:00:00,233.0,233.5,233.0,233.3
3296,2024-03-11 13:03:00,233.4,233.45,233.0,233.15
3297,2024-03-11 13:06:00,233.0,233.85,233.0,233.8
3298,2024-03-11 13:09:00,233.85,233.85,233.45,233.55
3299,2024-03-11 13:12:00,233.6,234.0,233.6,233.75
3300,2024-03-11 13:15:00,233.8,233.85,233.25,233.35
3301,2024-03-11 13:18:00,233.4,234.0,233.4,233.95
3302,2024-03-11 13:21:00,233.9,233.95,233.7,233.75
3303,2024-03-11 13:24:00,233.8,233.85,233.65,233.7
3304,2024-03-11 13:27:00,233.75,233.9,233.65,233.9
3305,2024-03-11 13:30:00,233.85,234.2,233.8,233.85
3306,2024-03-11 13:33:00,233.9,233.95,233.7,233.75
3307,2024-03-11 13:36:00,233.8,233.85,233.5,233.55
3308,2024-03-11 13:39:00,233.45,233.45,233.1,233.2
3309,2024-03-11 13:42:00,233.25,233.4,232.65,233.0
3310,2024-03-11 13:45:00,232.95,232.95,232.45,232.55
3311,2024-03-11 13:48:00,232.5,233.35,232.5,233.2
3312,2024-03-11 13:51:00,233.25,233.25,232.75,233.1
3313,2024-03-11 13:54:00,233.05,233.1,232.7,232.95
3314,2024-03-11 13:57:00,232.9,233.05,232.5,232.85
3315,2024-03-11 14:00:00,232.75,233.1,232.4,232.4
3316,2024-03-11 14:03:00,232.45,232.45,231.9,232.2
3317,2024-03-11 14:06:00,232.15,232.4,232.1,232.25
3318,2024-03-11 14:09:00,232.15,232.25,231.85,231.95
3319,2024-03-11 14:12:00,232.0,232.0,231.5,231.5
3320,2024-03-11 14:15:00,231.55,231.85,231.4,231.5
3321,2024-03-11 14:18:00,231.4,231.7,231.0,231.1
3322,2024-03-11 14:21:00,231.0,231.35,230.95,231.05
3323,2024-03-11 14:24:00,230.95,231.15,229.95,230.0
3324,2024-03-11 14:27:00,230.15,230.5,230.15,230.25
3325,2024-03-11 14:30:00,230.35,230.9,229.25,229.6
3326,2024-03-11 14:33:00,229.7,231.15,229.7,229.9
3327,2024-03-11 14:36:00,229.75,230.0,228.6,229.4
3328,2024-03-11 14:39:00,229.35,229.9,229.35,229.8
3329,2024-03-11 14:42:00,229.85,230.15,229.6,229.95
3330,2024-03-11 14:45:00,230.0,230.55,229.9,230.4
3331,2024-03-11 14:48:00,230.3,230.45,228.95,229.8
3332,2024-03-11 14:51:00,229.9,230.05,229.3,229.45
3333,2024-03-11 14:54:00,229.4,229.75,229.3,229.3
3334,2024-03-11 14:57:00,229.35,229.45,228.75,229.0
3335,2024-03-11 15:00:00,229.3,229.3,228.4,228.8
3336,2024-03-11 15:03:00,228.75,229.25,228.75,229.2
3337,2024-03-11 15:06:00,229.25,229.3,229.0,229.15
3338,2024-03-11 15:09:00,229.0,229.15,228.6,228.7
3339,2024-03-11 15:12:00,228.55,228.8,228.3,228.8
3340,2024-03-11 15:15:00,228.7,228.8,228.5,228.7
3341,2024-03-11 15:18:00,228.75,229.25,228.35,229.1
3342,2024-03-11 15:21:00,229.0,229.55,229.0,229.1
3343,2024-03-11 15:24:00,228.95,229.0,228.55,228.95
3344,2024-03-11 15:27:00,229.0,229.35,228.55,229.0
3345,2024-03-12 09:15:00,229.05,230.95,229.0,230.2
3346,2024-03-12 09:18:00,230.35,230.35,228.55,228.55
3347,2024-03-12 09:21:00,228.5,229.25,228.2,228.85
3348,2024-03-12 09:24:00,229.0,229.0,226.1,226.4
3349,2024-03-12 09:27:00,226.25,226.75,225.25,225.55
3350,2024-03-12 09:30:00,225.5,226.9,225.2,226.45
3351,2024-03-12 09:33:00,226.6,228.3,226.3,228.1
3352,2024-03-12 09:36:00,228.15,228.35,227.05,227.05
3353,2024-03-12 09:39:00,227.1,227.25,226.55,226.95
3354,2024-03-12 09:42:00,226.9,226.95,226.15,226.6
3355,2024-03-12 09:45:00,226.65,226.8,225.95,226.2
3356,2024-03-12 09:48:00,226.15,227.05,225.9,226.4
3357,2024-03-12 09:51:00,226.45,226.5,225.55,225.9
3358,2024-03-12 09:54:00,225.85,226.3,225.8,226.1
3359,2024-03-12 09:57:00,226.2,226.3,225.9,226.0
3360,2024-03-12 10:00:00,226.05,226.85,225.85,226.85
3361,2024-03-12 10:03:00,226.75,227.15,226.6,227.0
3362,2024-03-12 10:06:00,227.05,228.2,227.05,228.15
3363,2024-03-12 10:09:00,228.1,228.55,228.05,228.15
3364,2024-03-12 10:12:00,228.1,228.25,227.45,227.9
3365,2024-03-12 10:15:00,227.95,228.0,227.5,227.6
3366,2024-03-12 10:18:00,227.5,227.8,226.95,226.95
3367,2024-03-12 10:21:00,227.0,227.05,225.75,225.95
3368,2024-03-12 10:24:00,226.0,226.35,225.95,226.0
3369,2024-03-12 10:27:00,226.1,226.1,225.8,225.9
3370,2024-03-12 10:30:00,225.8,225.85,225.25,225.55
3371,2024-03-12 10:33:00,225.4,225.55,224.75,224.85
3372,2024-03-12 10:36:00,224.8,225.0,224.4,224.95
3373,2024-03-12 10:39:00,224.9,225.5,224.8,225.1
3374,2024-03-12 10:42:00,225.2,225.3,224.5,224.75
3375,2024-03-12 10:45:00,224.7,224.75,223.85,223.9
3376,2024-03-12 10:48:00,224.1,224.6,223.95,223.95
3377,2024-03-12 10:51:00,223.9,224.15,223.55,223.7
3378,2024-03-12 10:54:00,223.85,225.3,223.7,224.7
3379,2024-03-12 10:57:00,224.65,224.75,224.25,224.45
3380,2024-03-12 11:00:00,224.35,225.0,224.2,224.85
3381,2024-03-12 11:03:00,224.8,225.1,224.5,224.85
3382,2024-03-12 11:06:00,224.9,224.9,224.05,224.1
3383,2024-03-12 11:09:00,224.15,224.2,223.75,224.1
3384,2024-03-12 11:12:00,224.15,224.55,224.15,224.45
3385,2024-03-12 11:15:00,224.4,224.8,224.2,224.5
3386,2024-03-12 11:18:00,224.55,224.55,223.8,223.8
3387,2024-03-12 11:21:00,223.85,224.1,223.35,223.8
3388,2024-03-12 11:24:00,223.7,223.85,223.25,223.25
3389,2024-03-12 11:27:00,223.3,223.3,222.9,223.15
3390,2024-03-12 11:30:00,223.2,223.2,222.5,222.6
3391,2024-03-12 11:33:00,222.65,223.15,222.45,222.85
3392,2024-03-12 11:36:00,223.0,223.05,222.4,222.65
3393,2024-03-12 11:39:00,222.7,222.85,222.45,222.6
3394,2024-03-12 11:42:00,222.65,222.7,222.2,222.3
3395,2024-03-12 11:45:00,222.25,222.85,222.2,222.65
3396,2024-03-12 11:48:00,222.7,222.8,222.15,222.5
3397,2024-03-12 11:51:00,222.55,222.55,222.05,222.2
3398,2024-03-12 11:54:00,222.15,222.35,221.95,222.05
3399,2024-03-12 11:57:00,222.0,222.2,221.5,221.7
3400,2024-03-12 12:00:00,221.75,222.0,221.35,221.4
3401,2024-03-12 12:03:00,221.35,221.95,221.05,221.8
3402,2024-03-12 12:06:00,221.75,223.25,221.55,223.05
3403,2024-03-12 12:09:00,223.0,223.7,222.75,223.45
3404,2024-03-12 12:12:00,223.4,223.8,222.7,222.7
3405,2024-03-12 12:15:00,222.75,222.95,221.9,221.95
3406,2024-03-12 12:18:00,222.0,222.15,221.15,221.4
3407,2024-03-12 12:21:00,221.35,221.75,221.2,221.65
3408,2024-03-12 12:24:00,221.6,222.0,221.5,221.85
3409,2024-03-12 12:27:00,221.95,222.5,221.85,222.5
3410,2024-03-12 12:30:00,222.45,222.5,222.05,222.3
3411,2024-03-12 12:33:00,222.25,222.45,221.95,222.3
3412,2024-03-12 12:36:00,222.35,223.0,222.15,222.95
3413,2024-03-12 12:39:00,222.9,222.95,222.6,222.85
3414,2024-03-12 12:42:00,222.75,222.85,222.35,222.5
3415,2024-03-12 12:45:00,222.6,222.7,222.2,222.3
3416,2024-03-12 12:48:00,222.2,222.3,221.95,222.25
3417,2024-03-12 12:51:00,222.1,222.6,222.0,222.05
3418,2024-03-12 12:54:00,222.0,222.2,221.75,221.75
3419,2024-03-12 12:57:00,221.8,221.85,221.4,221.6
3420,2024-03-12 13:00:00,221.65,222.0,221.6,222.0
3421,2024-03-12 13:03:00,221.9,222.1,221.6,221.7
3422,2024-03-12 13:06:00,221.75,222.0,221.6,221.65
3423,2024-03-12 13:09:00,221.6,222.35,221.6,222.3
3424,2024-03-12 13:12:00,222.4,222.6,222.3,222.5
3425,2024-03-12 13:15:00,222.45,222.7,222.4,222.65
3426,2024-03-12 13:18:00,222.55,223.25,222.55,223.1
3427,2024-03-12 13:21:00,223.15,224.0,223.05,223.9
3428,2024-03-12 13:24:00,223.8,224.45,223.8,224.05
3429,2024-03-12 13:27:00,224.1,224.15,223.75,223.95
3430,2024-03-12 13:30:00,223.9,224.35,223.75,224.25
3431,2024-03-12 13:33:00,224.15,224.35,223.75,223.75
3432,2024-03-12 13:36:00,223.85,224.1,223.75,223.95
3433,2024-03-12 13:39:00,224.0,224.15,223.8,224.15
3434,2024-03-12 13:42:00,224.05,224.35,224.05,224.3
3435,2024-03-12 13:45:00,224.25,224.4,224.15,224.3
3436,2024-03-12 13:48:00,224.25,224.3,224.0,224.2
3437,2024-03-12 13:51:00,224.15,224.2,223.65,223.65
3438,2024-03-12 13:54:00,223.7,224.15,223.7,224.05
3439,2024-03-12 13:57:00,224.1,224.3,223.9,224.0
3440,2024-03-12 14:00:00,224.05,224.75,223.9,224.6
3441,2024-03-12 14:03:00,224.55,224.85,224.4,224.5
3442,2024-03-12 14:06:00,224.55,224.75,224.45,224.55
3443,2024-03-12 14:09:00,224.45,224.55,224.05,224.35
3444,2024-03-12 14:12:00,224.4,224.5,224.2,224.2
3445,2024-03-12 14:15:00,224.25,224.7,224.2,224.65
3446,2024-03-12 14:18:00,224.6,224.7,224.25,224.4
3447,2024-03-12 14:21:00,224.3,224.4,223.95,224.0
3448,2024-03-12 14:24:00,223.95,224.05,223.65,223.65
3449,2024-03-12 14:27:00,223.8,223.9,223.7,223.8
3450,2024-03-12 14:30:00,223.85,223.85,223.05,223.2
3451,2024-03-12 14:33:00,223.15,223.3,222.95,223.1
3452,2024-03-12 14:36:00,223.2,223.3,223.0,223.2
3453,2024-03-12 14:39:00,223.25,223.7,223.25,223.6
3454,2024-03-12 14:42:00,223.5,223.6,223.0,223.15
3455,2024-03-12 14:45:00,223.25,223.65,223.05,223.6
3456,2024-03-12 14:48:00,223.55,223.65,223.35,223.5
3457,2024-03-12 14:51:00,223.45,223.6,223.1,223.3
3458,2024-03-12 14:54:00,223.25,223.3,223.0,223.05
3459,2024-03-12 14:57:00,223.0,223.2,222.65,223.0
3460,2024-03-12 15:00:00,223.1,224.75,223.1,224.6
3461,2024-03-12 15:03:00,224.65,224.75,224.0,224.05
3462,2024-03-12 15:06:00,224.15,224.15,223.75,223.75
3463,2024-03-12 15:09:00,223.7,223.75,223.1,223.3
3464,2024-03-12 15:12:00,223.25,223.3,222.85,223.1
3465,2024-03-12 15:15:00,223.0,223.45,222.9,223.35
3466,2024-03-12 15:18:00,223.3,223.35,222.8,223.0
3467,2024-03-12 15:21:00,223.1,223.6,223.05,223.6
3468,2024-03-12 15:24:00,223.55,223.9,223.5,223.55
3469,2024-03-12 15:27:00,223.6,223.95,222.9,223.0
3470,2024-03-13 09:15:00,222.65,224.0,222.0,223.85
3471,2024-03-13 09:18:00,223.75,224.15,222.6,222.8
3472,2024-03-13 09:21:00,222.75,223.75,222.1,222.3
3473,2024-03-13 09:24:00,222.2,222.35,220.5,220.5
3474,2024-03-13 09:27:00,220.55,220.75,219.7,220.0
3475,2024-03-13 09:30:00,219.9,220.7,219.8,220.5
3476,2024-03-13 09:33:00,220.4,220.4,218.55,218.7
3477,2024-03-13 09:36:00,218.8,219.35,217.6,217.8
3478,2024-03-13 09:39:00,217.85,218.2,217.0,217.0
3479,2024-03-13 09:42:00,217.05,219.35,217.05,219.15
3480,2024-03-13 09:45:00,219.0,219.35,218.1,218.3
3481,2024-03-13 09:48:00,218.1,218.1,217.05,217.4
3482,2024-03-13 09:51:00,217.25,217.6,216.5,216.95
3483,2024-03-13 09:54:00,217.0,217.1,215.6,215.75
3484,2024-03-13 09:57:00,215.7,216.75,215.35,215.75
3485,2024-03-13 10:00:00,215.85,215.85,214.85,215.2
3486,2024-03-13 10:03:00,215.3,215.35,214.75,214.9
3487,2024-03-13 10:06:00,214.8,216.65,214.7,216.55
3488,2024-03-13 10:09:00,216.65,217.0,215.85,216.9
3489,2024-03-13 10:12:00,216.8,217.9,216.5,217.65
3490,2024-03-13 10:15:00,217.8,217.95,216.7,216.8
3491,2024-03-13 10:18:00,216.85,216.85,215.25,215.35
3492,2024-03-13 10:21:00,215.3,215.8,215.0,215.65
3493,2024-03-13 10:24:00,215.55,215.6,214.55,215.35
3494,2024-03-13 10:27:00,215.25,215.3,214.25,214.65
3495,2024-03-13 10:30:00,214.75,215.2,214.5,214.95
3496,2024-03-13 10:33:00,214.8,215.65,214.8,215.5
3497,2024-03-13 10:36:00,215.4,216.2,215.4,216.2
3498,2024-03-13 10:39:00,216.25,216.8,216.0,216.8
3499,2024-03-13 10:42:00,216.95,217.45,216.75,217.3
3500,2024-03-13 10:45:00,217.35,217.5,216.95,217.35
3501,2024-03-13 10:48:00,217.3,217.55,216.15,216.3
3502,2024-03-13 10:51:00,216.2,216.4,215.65,216.15
3503,2024-03-13 10:54:00,216.25,216.85,215.75,215.75
3504,2024-03-13 10:57:00,215.8,216.15,215.7,215.8
3505,2024-03-13 11:00:00,215.95,216.0,215.4,215.4
3506,2024-03-13 11:03:00,215.35,215.45,214.85,215.05
3507,2024-03-13 11:06:00,215.15,215.7,214.85,215.6
3508,2024-03-13 11:09:00,215.7,215.7,214.5,214.55
3509,2024-03-13 11:12:00,214.65,215.0,214.25,214.9
3510,2024-03-13 11:15:00,214.8,215.25,214.25,215.0
3511,2024-03-13 11:18:00,214.95,215.3,214.55,215.2
3512,2024-03-13 11:21:00,215.3,215.3,213.5,213.85
3513,2024-03-13 11:24:00,213.8,214.2,213.35,214.2
3514,2024-03-13 11:27:00,214.0,214.25,213.1,213.3
3515,2024-03-13 11:30:00,213.35,213.65,213.0,213.2
3516,2024-03-13 11:33:00,213.05,213.45,212.9,213.05
3517,2024-03-13 11:36:00,213.15,213.5,212.7,213.35
3518,2024-03-13 11:39:00,213.2,213.25,212.45,212.6
3519,2024-03-13 11:42:00,212.55,213.35,212.55,213.25
3520,2024-03-13 11:45:00,213.35,213.6,212.8,212.95
3521,2024-03-13 11:48:00,212.85,213.15,212.0,212.4
3522,2024-03-13 11:51:00,212.35,212.4,211.55,212.0
3523,2024-03-13 11:54:00,211.9,212.3,211.75,211.85
3524,2024-03-13 11:57:00,211.8,212.0,211.0,212.0
3525,2024-03-13 12:00:00,211.9,212.15,211.5,211.55
3526,2024-03-13 12:03:00,211.4,211.6,210.9,211.05
3527,2024-03-13 12:06:00,211.1,212.5,210.9,211.2
3528,2024-03-13 12:09:00,211.35,211.5,210.55,210.8
3529,2024-03-13 12:12:00,210.75,210.85,209.95,210.15
3530,2024-03-13 12:15:00,210.05,210.3,209.6,209.75
3531,2024-03-13 12:18:00,209.6,209.85,209.1,209.35
3532,2024-03-13 12:21:00,209.5,210.0,209.15,209.55
3533,2024-03-13 12:24:00,209.45,210.75,209.15,210.7
3534,2024-03-13 12:27:00,210.9,211.5,210.55,211.5
3535,2024-03-13 12:30:00,211.4,211.55,210.35,210.95
3536,2024-03-13 12:33:00,211.0,211.95,210.9,211.8
3537,2024-03-13 12:36:00,211.7,212.0,211.55,211.65
3538,2024-03-13 12:39:00,211.75,212.6,211.6,212.35
3539,2024-03-13 12:42:00,212.2,212.5,211.6,211.85
3540,2024-03-13 12:45:00,211.8,212.0,211.55,212.0
3541,2024-03-13 12:48:00,211.95,212.3,211.7,211.9
3542,2024-03-13 12:51:00,211.75,211.8,211.0,211.25
3543,2024-03-13 12:54:00,211.2,211.95,211.1,211.85
3544,2024-03-13 12:57:00,211.9,213.15,211.85,213.15
3545,2024-03-13 13:00:00,213.05,213.2,212.4,212.45
3546,2024-03-13 13:03:00,212.5,212.6,211.8,212.2
3547,2024-03-13 13:06:00,212.35,212.75,212.15,212.55
3548,2024-03-13 13:09:00,212.45,212.5,211.8,211.9
3549,2024-03-13 13:12:00,211.8,211.95,211.3,211.9
3550,2024-03-13 13:15:00,211.95,211.95,210.95,211.2
3551,2024-03-13 13:18:00,211.35,211.7,211.1,211.5
3552,2024-03-13 13:21:00,211.55,211.85,211.05,211.65
3553,2024-03-13 13:24:00,211.55,211.65,210.85,210.9
3554,2024-03-13 13:27:00,211.0,211.3,210.85,211.3
3555,2024-03-13 13:30:00,211.4,212.55,211.35,212.35
3556,2024-03-13 13:33:00,212.4,212.45,211.9,211.95
3557,2024-03-13 13:36:00,211.8,211.85,210.45,210.6
3558,2024-03-13 13:39:00,210.5,210.6,210.0,210.25
3559,2024-03-13 13:42:00,210.2,210.25,209.55,210.05
3560,2024-03-13 13:45:00,210.15,210.2,209.65,209.85
3561,2024-03-13 13:48:00,209.75,209.9,209.3,209.55
3562,2024-03-13 13:51:00,209.5,209.8,209.15,209.15
3563,2024-03-13 13:54:00,209.25,209.65,208.95,209.5
3564,2024-03-13 13:57:00,209.6,209.9,209.4,209.6
3565,2024-03-13 14:00:00,209.55,210.35,209.4,210.3
3566,2024-03-13 14:03:00,210.15,210.3,209.35,209.5
3567,2024-03-13 14:06:00,209.45,209.8,208.55,209.1
3568,2024-03-13 14:09:00,209.15,209.25,208.35,208.65
3569,2024-03-13 14:12:00,208.6,208.6,208.0,208.1
3570,2024-03-13 14:15:00,208.0,208.05,207.4,207.55
3571,2024-03-13 14:18:00,207.6,207.75,206.9,207.25
3572,2024-03-13 14:21:00,207.2,207.25,206.5,206.7
3573,2024-03-13 14:24:00,206.65,207.5,206.4,207.3
3574,2024-03-13 14:27:00,207.35,207.35,206.5,206.5
3575,2024-03-13 14:30:00,206.45,206.8,205.65,205.75
3576,2024-03-13 14:33:00,205.8,206.0,205.2,205.2
3577,2024-03-13 14:36:00,205.1,205.25,204.05,204.2
3578,2024-03-13 14:39:00,204.45,204.5,203.45,203.7
3579,2024-03-13 14:42:00,203.55,204.5,203.45,204.5
3580,2024-03-13 14:45:00,204.45,205.4,203.4,205.4
3581,2024-03-13 14:48:00,205.45,206.65,205.15,206.65
3582,2024-03-13 14:51:00,206.5,206.65,205.55,205.7
3583,2024-03-13 14:54:00,205.75,205.75,204.4,204.95
3584,2024-03-13 14:57:00,204.9,205.3,204.45,205.2
3585,2024-03-13 15:00:00,205.55,208.05,205.4,207.6
3586,2024-03-13 15:03:00,207.65,207.85,207.3,207.7
3587,2024-03-13 15:06:00,207.65,207.7,206.95,207.45
3588,2024-03-13 15:09:00,207.55,207.75,205.65,205.65
3589,2024-03-13 15:12:00,205.6,205.8,203.85,204.25
3590,2024-03-13 15:15:00,204.2,205.0,204.0,204.95
3591,2024-03-13 15:18:00,205.0,205.0,204.0,204.25
3592,2024-03-13 15:21:00,204.15,205.05,204.1,204.85
3593,2024-03-13 15:24:00,204.45,205.15,204.0,204.35
3594,2024-03-13 15:27:00,204.2,204.9,203.5,203.5
3595,2024-03-14 09:15:00,203.8,203.9,200.85,202.65
3596,2024-03-14 09:18:00,202.55,203.9,200.7,202.85
3597,2024-03-14 09:21:00,203.15,205.65,202.85,205.5
3598,2024-03-14 09:24:00,205.45,208.15,205.45,207.8
3599,2024-03-14 09:27:00,207.85,208.5,206.0,206.3
3600,2024-03-14 09:30:00,206.4,206.4,203.7,204.0
3601,2024-03-14 09:33:00,203.85,205.65,203.6,205.35
3602,2024-03-14 09:36:00,205.45,206.2,204.75,205.0
3603,2024-03-14 09:39:00,205.05,206.2,205.05,205.85
3604,2024-03-14 09:42:00,205.95,206.05,203.3,204.15
3605,2024-03-14 09:45:00,204.2,204.65,203.5,203.75
3606,2024-03-14 09:48:00,203.7,203.85,202.8,202.9
3607,2024-03-14 09:51:00,202.85,203.1,197.85,197.95
3608,2024-03-14 09:54:00,198.0,199.75,197.2,199.7
3609,2024-03-14 09:57:00,199.75,201.9,199.6,201.2
3610,2024-03-14 10:00:00,201.45,202.95,201.45,201.9
3611,2024-03-14 10:03:00,201.95,202.25,200.9,200.9
3612,2024-03-14 10:06:00,201.0,201.05,199.25,199.6
3613,2024-03-14 10:09:00,199.55,200.65,199.0,200.65
3614,2024-03-14 10:12:00,200.55,200.7,198.45,198.45
3615,2024-03-14 10:15:00,198.5,199.35,198.2,198.7
3616,2024-03-14 10:18:00,198.6,199.4,198.1,199.05
3617,2024-03-14 10:21:00,199.15,199.8,198.7,199.15
3618,2024-03-14 10:24:00,199.35,202.0,199.2,202.0
3619,2024-03-14 10:27:00,201.95,203.6,201.95,203.1
3620,2024-03-14 10:30:00,203.25,203.25,202.1,202.15
3621,2024-03-14 10:33:00,202.25,203.15,202.2,203.05
3622,2024-03-14 10:36:00,203.1,204.0,203.05,203.35
3623,2024-03-14 10:39:00,203.4,204.4,203.35,204.35
3624,2024-03-14 10:42:00,204.4,205.4,204.0,204.8
3625,2024-03-14 10:45:00,204.85,205.4,204.35,205.2
3626,2024-03-14 10:48:00,205.15,205.35,204.05,205.2
3627,2024-03-14 10:51:00,205.25,205.8,205.0,205.35
3628,2024-03-14 10:54:00,205.5,205.8,205.1,205.2
3629,2024-03-14 10:57:00,205.4,205.6,205.0,205.25
3630,2024-03-14 11:00:00,205.15,205.85,205.15,205.7
3631,2024-03-14 11:03:00,205.75,206.0,204.9,205.0
3632,2024-03-14 11:06:00,205.1,205.3,204.6,205.1
3633,2024-03-14 11:09:00,205.15,206.55,205.05,206.35
3634,2024-03-14 11:12:00,206.25,207.0,205.8,205.9
3635,2024-03-14 11:15:00,205.95,205.95,205.1,205.2
3636,2024-03-14 11:18:00,205.15,205.25,203.35,203.45
3637,2024-03-14 11:21:00,203.5,204.45,203.5,204.4
3638,2024-03-14 11:24:00,204.35,204.4,203.2,203.5
3639,2024-03-14 11:27:00,203.45,203.9,203.3,203.9
3640,2024-03-14 11:30:00,203.8,204.65,203.2,204.45
3641,2024-03-14 11:33:00,204.5,205.0,204.45,204.7
3642,2024-03-14 11:36:00,204.65,205.2,204.6,204.9
3643,2024-03-14 11:39:00,205.0,205.0,204.4,204.65
3644,2024-03-14 11:42:00,204.7,205.35,204.65,205.25
3645,2024-03-14 11:45:00,205.3,205.8,205.2,205.6
3646,2024-03-14 11:48:00,205.55,205.75,205.0,205.25
3647,2024-03-14 11:51:00,205.15,205.4,204.55,204.7
3648,2024-03-14 11:54:00,204.65,204.8,204.25,204.5
3649,2024-03-14 11:57:00,204.55,204.55,203.8,204.35
3650,2024-03-14 12:00:00,204.3,204.4,203.4,204.1
3651,2024-03-14 12:03:00,204.05,204.15,203.35,203.45
3652,2024-03-14 12:06:00,203.5,204.35,203.3,204.0
3653,2024-03-14 12:09:00,203.9,204.0,203.4,203.7
3654,2024-03-14 12:12:00,203.65,203.8,203.15,203.6
3655,2024-03-14 12:15:00,203.65,203.8,203.1,203.65
3656,2024-03-14 12:18:00,203.6,204.2,203.6,204.1
3657,2024-03-14 12:21:00,204.0,204.45,204.0,204.3
3658,2024-03-14 12:24:00,204.2,204.5,203.65,204.05
3659,2024-03-14 12:27:00,204.0,204.1,203.3,203.3
3660,2024-03-14 12:30:00,203.35,203.5,203.05,203.25
3661,2024-03-14 12:33:00,203.35,203.35,202.55,202.75
3662,2024-03-14 12:36:00,202.8,203.05,202.4,202.75
3663,2024-03-14 12:39:00,202.8,203.0,202.1,202.1
3664,2024-03-14 12:42:00,202.0,202.2,201.25,201.4
3665,2024-03-14 12:45:00,201.25,201.4,200.85,201.0
3666,2024-03-14 12:48:00,200.85,201.0,200.4,200.5
3667,2024-03-14 12:51:00,200.45,200.8,199.85,199.85
3668,2024-03-14 12:54:00,199.9,201.15,199.75,201.15
3669,2024-03-14 12:57:00,201.2,202.2,200.8,202.0
3670,2024-03-14 13:00:00,201.9,202.65,201.9,202.55
3671,2024-03-14 13:03:00,202.6,202.95,202.5,202.65
3672,2024-03-14 13:06:00,202.5,203.0,202.5,202.8
3673,2024-03-14 13:09:00,202.75,202.95,202.15,202.7
3674,2024-03-14 13:12:00,202.65,202.75,202.2,202.4
3675,2024-03-14 13:15:00,202.45,202.85,202.35,202.55
3676,2024-03-14 13:18:00,202.5,202.75,202.2,202.4
3677,2024-03-14 13:21:00,202.45,202.7,202.1,202.65
3678,2024-03-14 13:24:00,202.6,202.95,202.3,202.45
3679,2024-03-14 13:27:00,202.5,202.6,202.3,202.4
3680,2024-03-14 13:30:00,202.35,202.35,201.45,201.85
3681,2024-03-14 13:33:00,201.9,201.9,201.45,201.8
3682,2024-03-14 13:36:00,201.75,201.8,200.9,201.0
3683,2024-03-14 13:39:00,200.95,201.55,200.65,201.3
3684,2024-03-14 13:42:00,201.35,201.35,200.9,200.9
3685,2024-03-14 13:45:00,200.95,201.2,200.4,200.45
3686,2024-03-14 13:48:00,200.5,201.5,200.4,201.4
3687,2024-03-14 13:51:00,201.35,201.5,200.95,201.0
3688,2024-03-14 13:54:00,200.95,201.05,200.4,200.65
3689,2024-03-14 13:57:00,200.55,200.75,200.4,200.65
3690,2024-03-14 14:00:00,200.55,201.15,200.5,201.1
3691,2024-03-14 14:03:00,201.0,201.85,200.15,201.75
3692,2024-03-14 14:06:00,201.8,201.8,200.4,200.5
3693,2024-03-14 14:09:00,200.45,200.95,200.1,200.7
3694,2024-03-14 14:12:00,200.75,201.45,200.5,201.4
3695,2024-03-14 14:15:00,201.35,201.9,201.2,201.85
3696,2024-03-14 14:18:00,201.9,202.0,201.25,201.5
3697,2024-03-14 14:21:00,201.65,201.75,201.4,201.65
3698,2024-03-14 14:24:00,201.6,202.0,201.55,201.7
3699,2024-03-14 14:27:00,201.75,201.8,201.5,201.65
3700,2024-03-14 14:30:00,201.7,201.8,201.35,201.45
3701,2024-03-14 14:33:00,201.4,201.85,201.15,201.8
3702,2024-03-14 14:36:00,201.75,202.15,201.65,202.05
3703,2024-03-14 14:39:00,202.0,202.05,201.85,201.85
3704,2024-03-14 14:42:00,201.75,201.85,201.1,201.25
3705,2024-03-14 14:45:00,201.2,201.3,201.0,201.2
3706,2024-03-14 14:48:00,201.25,201.3,201.0,201.25
3707,2024-03-14 14:51:00,201.2,202.15,201.2,201.95
3708,2024-03-14 14:54:00,202.0,202.0,201.7,201.75
3709,2024-03-14 14:57:00,201.8,202.05,201.15,201.85
3710,2024-03-14 15:00:00,201.8,202.45,201.8,202.3
3711,2024-03-14 15:03:00,202.4,202.4,201.8,201.85
3712,2024-03-14 15:06:00,201.8,201.9,201.6,201.6
3713,2024-03-14 15:09:00,201.55,201.75,201.55,201.75
3714,2024-03-14 15:12:00,201.7,202.15,201.65,201.95
3715,2024-03-14 15:15:00,202.0,202.15,201.85,201.95
3716,2024-03-14 15:18:00,202.0,202.0,201.5,201.7
3717,2024-03-14 15:21:00,201.65,201.9,201.55,201.9
3718,2024-03-14 15:24:00,201.95,202.2,201.9,201.95
3719,2024-03-14 15:27:00,201.9,202.5,201.9,202.2
3720,2024-03-15 09:15:00,202.85,202.95,200.0,202.8
3721,2024-03-15 09:18:00,202.9,203.8,202.45,202.8
3722,2024-03-15 09:21:00,202.95,203.6,202.65,203.55
3723,2024-03-15 09:24:00,203.45,204.5,202.95,204.15
3724,2024-03-15 09:27:00,204.2,204.3,202.9,203.15
3725,2024-03-15 09:30:00,203.2,203.95,201.45,201.55
3726,2024-03-15 09:33:00,201.5,201.55,199.85,200.0
3727,2024-03-15 09:36:00,199.95,200.15,199.2,199.2
3728,2024-03-15 09:39:00,199.3,199.85,198.7,199.75
3729,2024-03-15 09:42:00,199.7,199.75,199.15,199.55
3730,2024-03-15 09:45:00,199.65,200.45,199.55,199.9
3731,2024-03-15 09:48:00,199.8,199.9,197.05,197.55
3732,2024-03-15 09:51:00,197.5,197.85,197.05,197.2
3733,2024-03-15 09:54:00,197.1,197.45,196.5,197.0
3734,2024-03-15 09:57:00,197.1,197.95,196.95,197.6
3735,2024-03-15 10:00:00,197.4,197.9,196.95,196.95
3736,2024-03-15 10:03:00,196.9,197.2,196.3,196.45
3737,2024-03-15 10:06:00,196.55,196.9,195.65,195.75
3738,2024-03-15 10:09:00,195.9,197.65,195.75,197.65
3739,2024-03-15 10:12:00,197.6,198.35,197.55,198.1
3740,2024-03-15 10:15:00,198.0,198.3,197.6,197.6
3741,2024-03-15 10:18:00,197.5,197.55,196.0,196.1
3742,2024-03-15 10:21:00,196.05,196.25,195.6,195.85
3743,2024-03-15 10:24:00,195.8,196.25,195.6,195.85
3744,2024-03-15 10:27:00,195.75,195.8,194.7,194.75
3745,2024-03-15 10:30:00,194.7,195.25,194.65,194.9
3746,2024-03-15 10:33:00,194.8,194.9,194.45,194.45
3747,2024-03-15 10:36:00,194.4,194.7,194.05,194.55
3748,2024-03-15 10:39:00,194.45,194.75,193.65,194.2
3749,2024-03-15 10:42:00,194.3,195.4,194.2,195.0
3750,2024-03-15 10:45:00,194.95,195.9,194.7,195.85
3751,2024-03-15 10:48:00,195.9,195.9,195.55,195.55
3752,2024-03-15 10:51:00,195.65,195.65,194.8,195.25
3753,2024-03-15 10:54:00,195.5,196.0,194.9,195.2
3754,2024-03-15 10:57:00,195.1,195.3,194.45,194.6
3755,2024-03-15 11:00:00,194.55,194.85,194.2,194.35
3756,2024-03-15 11:03:00,194.3,194.85,194.15,194.35
3757,2024-03-15 11:06:00,194.3,194.9,193.9,193.95
3758,2024-03-15 11:09:00,193.9,194.25,193.7,194.05
3759,2024-03-15 11:12:00,194.0,194.5,193.85,194.45
3760,2024-03-15 11:15:00,194.35,194.5,193.85,194.2
3761,2024-03-15 11:18:00,194.25,194.3,193.35,193.35
3762,2024-03-15 11:21:00,193.4,193.4,191.95,191.95
3763,2024-03-15 11:24:00,191.9,192.5,191.65,192.25
3764,2024-03-15 11:27:00,192.2,192.45,191.9,191.95
3765,2024-03-15 11:30:00,191.9,192.65,191.8,192.35
3766,2024-03-15 11:33:00,192.25,192.85,191.9,192.75
3767,2024-03-15 11:36:00,192.85,193.1,192.5,192.95
3768,2024-03-15 11:39:00,192.9,193.5,192.45,192.75
3769,2024-03-15 11:42:00,192.85,193.0,192.4,192.65
3770,2024-03-15 11:45:00,192.6,193.0,192.3,192.85
3771,2024-03-15 11:48:00,192.95,193.15,192.4,192.5
3772,2024-03-15 11:51:00,192.45,192.75,192.1,192.2
3773,2024-03-15 11:54:00,192.15,192.3,191.4,191.4
3774,2024-03-15 11:57:00,191.45,191.9,191.25,191.35
3775,2024-03-15 12:00:00,191.3,191.45,190.9,191.15
3776,2024-03-15 12:03:00,191.1,191.9,191.0,191.6
3777,2024-03-15 12:06:00,191.5,191.95,191.4,191.75
3778,2024-03-15 12:09:00,191.85,192.05,191.75,191.85
3779,2024-03-15 12:12:00,191.8,192.0,191.35,191.6
3780,2024-03-15 12:15:00,191.5,192.2,191.5,191.95
3781,2024-03-15 12:18:00,191.85,191.95,190.9,191.05
3782,2024-03-15 12:21:00,191.15,191.2,190.35,190.75
3783,2024-03-15 12:24:00,190.7,191.0,190.55,190.6
3784,2024-03-15 12:27:00,190.7,191.55,190.65,190.95
3785,2024-03-15 12:30:00,190.9,191.75,190.65,191.35
3786,2024-03-15 12:33:00,191.4,191.7,191.0,191.6
3787,2024-03-15 12:36:00,191.55,192.2,191.55,192.2
3788,2024-03-15 12:39:00,192.15,192.45,192.05,192.25
3789,2024-03-15 12:42:00,192.2,192.65,192.15,192.55
3790,2024-03-15 12:45:00,192.65,193.1,192.65,192.95
3791,2024-03-15 12:48:00,192.9,193.5,192.85,193.3
3792,2024-03-15 12:51:00,193.25,193.85,193.15,193.8
3793,2024-03-15 12:54:00,193.85,195.75,193.75,195.6
3794,2024-03-15 12:57:00,195.55,196.2,195.55,195.95
3795,2024-03-15 13:00:00,196.05,196.65,195.4,195.5
3796,2024-03-15 13:03:00,195.4,195.8,195.2,195.25
3797,2024-03-15 13:06:00,195.3,195.45,194.95,195.15
3798,2024-03-15 13:09:00,195.2,196.0,195.1,195.5
3799,2024-03-15 13:12:00,195.45,195.5,195.2,195.4
3800,2024-03-15 13:15:00,195.45,195.45,194.8,194.85
3801,2024-03-15 13:18:00,194.8,195.0,193.9,194.1
3802,2024-03-15 13:21:00,194.2,195.55,194.1,195.05
3803,2024-03-15 13:24:00,195.0,195.25,194.75,195.1
3804,2024-03-15 13:27:00,195.15,195.45,194.95,195.3
3805,2024-03-15 13:30:00,195.2,195.75,195.05,195.75
3806,2024-03-15 13:33:00,195.7,197.2,195.7,197.2
3807,2024-03-15 13:36:00,197.1,197.7,196.8,197.15
3808,2024-03-15 13:39:00,197.2,197.95,196.9,197.75
3809,2024-03-15 13:42:00,197.65,198.7,197.65,197.7
3810,2024-03-15 13:45:00,197.65,198.3,197.65,197.8
3811,2024-03-15 13:48:00,197.75,198.15,197.5,198.05
3812,2024-03-15 13:51:00,198.2,198.2,197.7,197.8
3813,2024-03-15 13:54:00,197.75,197.85,197.1,197.25
3814,2024-03-15 13:57:00,197.3,197.45,196.35,196.9
3815,2024-03-15 14:00:00,197.0,197.45,196.85,197.25
3816,2024-03-15 14:03:00,197.45,198.35,197.3,198.2
3817,2024-03-15 14:06:00,198.1,198.35,197.75,198.25
3818,2024-03-15 14:09:00,198.2,198.45,198.15,198.45
3819,2024-03-15 14:12:00,198.3,198.4,197.65,197.7
3820,2024-03-15 14:15:00,197.75,197.85,197.25,197.65
3821,2024-03-15 14:18:00,197.8,198.0,196.75,196.9
3822,2024-03-15 14:21:00,197.0,197.25,196.7,197.05
3823,2024-03-15 14:24:00,197.2,197.7,196.8,197.65
3824,2024-03-15 14:27:00,197.75,197.75,197.25,197.55
3825,2024-03-15 14:30:00,197.65,197.85,196.35,196.45
3826,2024-03-15 14:33:00,196.5,196.5,195.65,196.0
3827,2024-03-15 14:36:00,195.9,197.05,195.65,196.95
3828,2024-03-15 14:39:00,197.1,197.75,197.0,197.55
3829,2024-03-15 14:42:00,197.6,197.75,197.15,197.7
3830,2024-03-15 14:45:00,197.6,197.85,197.3,197.6
3831,2024-03-15 14:48:00,197.65,198.0,197.55,197.8
3832,2024-03-15 14:51:00,197.85,198.15,197.75,197.9
3833,2024-03-15 14:54:00,198.0,198.05,197.55,197.6
3834,2024-03-15 14:57:00,197.7,198.4,197.45,198.35
3835,2024-03-15 15:00:00,198.3,198.5,196.95,197.65
3836,2024-03-15 15:03:00,197.7,198.5,197.7,198.35
3837,2024-03-15 15:06:00,198.5,198.5,197.9,198.2
3838,2024-03-15 15:09:00,198.25,198.55,198.1,198.2
3839,2024-03-15 15:12:00,198.3,198.6,197.95,198.3
3840,2024-03-15 15:15:00,198.4,199.3,198.3,199.25
3841,2024-03-15 15:18:00,199.35,199.6,198.65,198.95
3842,2024-03-15 15:21:00,199.1,199.15,198.1,198.1
3843,2024-03-15 15:24:00,198.25,198.55,198.0,198.15
3844,2024-03-15 15:27:00,198.3,198.4,196.5,198.4
3845,2024-03-18 09:15:00,198.35,198.7,196.95,197.7
3846,2024-03-18 09:18:00,197.75,200.65,197.65,199.7
3847,2024-03-18 09:21:00,199.6,200.55,199.3,199.45
3848,2024-03-18 09:24:00,199.55,201.25,199.55,201.25
3849,2024-03-18 09:27:00,201.2,201.95,201.0,201.35
3850,2024-03-18 09:30:00,201.2,201.8,200.0,200.0
3851,2024-03-18 09:33:00,200.15,200.15,197.95,198.95
3852,2024-03-18 09:36:00,199.0,199.9,198.75,199.0
3853,2024-03-18 09:39:00,199.1,199.15,198.7,198.9
3854,2024-03-18 09:42:00,198.95,199.15,198.5,199.0
3855,2024-03-18 09:45:00,198.95,199.45,198.8,199.3
3856,2024-03-18 09:48:00,199.35,199.35,198.2,199.2
3857,2024-03-18 09:51:00,199.15,199.25,198.75,198.9
3858,2024-03-18 09:54:00,198.95,200.15,198.9,200.05
3859,2024-03-18 09:57:00,200.1,200.5,200.0,200.0
3860,2024-03-18 10:00:00,200.05,200.05,199.2,199.3
3861,2024-03-18 10:03:00,199.35,199.35,198.65,198.7
3862,2024-03-18 10:06:00,198.75,199.2,198.35,198.75
3863,2024-03-18 10:09:00,198.65,198.65,197.45,197.65
3864,2024-03-18 10:12:00,197.6,197.95,197.3,197.75
3865,2024-03-18 10:15:00,197.8,198.75,197.65,198.7
3866,2024-03-18 10:18:00,198.55,199.1,198.55,198.9
3867,2024-03-18 10:21:00,198.85,199.2,198.85,198.85
3868,2024-03-18 10:24:00,198.7,198.95,198.6,198.75
3869,2024-03-18 10:27:00,198.7,198.85,198.6,198.8
3870,2024-03-18 10:30:00,198.85,199.15,198.55,198.7
3871,2024-03-18 10:33:00,198.8,199.85,198.75,199.05
3872,2024-03-18 10:36:00,199.1,199.1,197.5,197.9
3873,2024-03-18 10:39:00,197.95,198.2,197.65,198.1
3874,2024-03-18 10:42:00,198.2,198.2,196.6,196.85
3875,2024-03-18 10:45:00,196.75,197.15,196.75,196.75
3876,2024-03-18 10:48:00,196.85,197.0,196.5,196.85
3877,2024-03-18 10:51:00,196.9,197.4,196.7,197.3
3878,2024-03-18 10:54:00,197.25,197.35,195.95,195.95
3879,2024-03-18 10:57:00,195.9,196.3,195.5,196.3
3880,2024-03-18 11:00:00,196.15,196.5,195.9,195.95
3881,2024-03-18 11:03:00,195.9,195.95,195.4,195.8
3882,2024-03-18 11:06:00,195.85,195.9,195.6,195.9
3883,2024-03-18 11:09:00,195.95,196.0,195.6,195.9
3884,2024-03-18 11:12:00,195.85,196.15,195.4,195.65
3885,2024-03-18 11:15:00,195.6,196.35,195.15,196.35
3886,2024-03-18 11:18:00,196.3,196.8,196.2,196.8
3887,2024-03-18 11:21:00,196.85,197.2,196.6,196.75
3888,2024-03-18 11:24:00,196.8,197.1,196.45,196.55
3889,2024-03-18 11:27:00,196.6,197.1,196.4,197.1
3890,2024-03-18 11:30:00,197.05,198.0,197.05,197.7
3891,2024-03-18 11:33:00,197.75,197.75,197.35,197.5
3892,2024-03-18 11:36:00,197.55,197.95,197.4,197.9
3893,2024-03-18 11:39:00,197.95,198.25,197.65,198.2
3894,2024-03-18 11:42:00,198.25,198.25,197.7,197.85
3895,2024-03-18 11:45:00,197.8,198.0,197.75,197.95
3896,2024-03-18 11:48:00,197.9,198.0,197.75,197.8
3897,2024-03-18 11:51:00,197.75,198.05,197.7,197.95
3898,2024-03-18 11:54:00,197.9,198.0,197.8,197.85
3899,2024-03-18 11:57:00,197.8,197.85,197.4,197.85
3900,2024-03-18 12:00:00,197.9,198.1,197.75,198.0
3901,2024-03-18 12:03:00,197.9,198.15,197.8,197.95
3902,2024-03-18 12:06:00,197.75,198.2,197.75,198.15
3903,2024-03-18 12:09:00,198.2,198.7,198.1,198.7
3904,2024-03-18 12:12:00,198.65,199.1,198.6,198.8
3905,2024-03-18 12:15:00,198.75,199.05,198.75,199.0
3906,2024-03-18 12:18:00,198.9,199.05,198.8,198.9
3907,2024-03-18 12:21:00,198.95,199.05,198.8,199.05
3908,2024-03-18 12:24:00,199.0,199.05,198.85,198.9
3909,2024-03-18 12:27:00,199.0,199.1,198.85,199.0
3910,2024-03-18 12:30:00,198.95,199.1,198.7,198.75
3911,2024-03-18 12:33:00,198.8,198.9,198.35,198.8
3912,2024-03-18 12:36:00,198.75,199.15,198.7,199.0
3913,2024-03-18 12:39:00,198.95,199.0,198.6,198.85
3914,2024-03-18 12:42:00,198.8,198.9,198.4,198.55
3915,2024-03-18 12:45:00,198.6,199.0,198.55,198.9
3916,2024-03-18 12:48:00,198.8,198.9,198.6,198.7
3917,2024-03-18 12:51:00,198.65,198.75,198.35,198.75
3918,2024-03-18 12:54:00,198.65,199.2,198.65,199.2
3919,2024-03-18 12:57:00,199.15,199.8,199.1,199.45
3920,2024-03-18 13:00:00,199.5,200.75,199.4,200.55
3921,2024-03-18 13:03:00,200.65,200.65,200.1,200.2
3922,2024-03-18 13:06:00,200.3,200.5,199.75,200.5
3923,2024-03-18 13:09:00,200.55,201.1,200.55,201.1
3924,2024-03-18 13:12:00,201.05,201.35,200.6,201.0
3925,2024-03-18 13:15:00,201.05,201.35,201.0,201.15
3926,2024-03-18 13:18:00,201.1,201.2,200.65,200.75
3927,2024-03-18 13:21:00,200.7,200.9,200.3,200.45
3928,2024-03-18 13:24:00,200.4,200.6,199.25,199.4
3929,2024-03-18 13:27:00,199.45,199.65,198.9,199.0
3930,2024-03-18 13:30:00,199.05,199.25,198.85,199.25
3931,2024-03-18 13:33:00,199.3,200.25,199.3,200.05
3932,2024-03-18 13:36:00,200.15,200.2,199.7,199.95
3933,2024-03-18 13:39:00,199.9,200.9,199.85,200.85
3934,2024-03-18 13:42:00,200.9,201.0,200.7,200.85
3935,2024-03-18 13:45:00,200.9,200.95,200.35,200.55
3936,2024-03-18 13:48:00,200.6,200.95,200.35,200.95
3937,2024-03-18 13:51:00,201.0,201.1,200.65,200.9
3938,2024-03-18 13:54:00,200.85,201.7,200.8,201.5
3939,2024-03-18 13:57:00,201.45,201.55,201.15,201.25
3940,2024-03-18 14:00:00,201.2,201.7,201.2,201.55
3941,2024-03-18 14:03:00,201.6,201.85,201.55,201.55
3942,2024-03-18 14:06:00,201.6,201.7,201.4,201.55
3943,2024-03-18 14:09:00,201.6,202.65,201.55,202.35
3944,2024-03-18 14:12:00,202.3,202.3,201.7,202.0
3945,2024-03-18 14:15:00,201.95,202.5,201.85,202.35
3946,2024-03-18 14:18:00,202.45,203.35,202.35,203.2
3947,2024-03-18 14:21:00,203.25,203.8,203.05,203.7
3948,2024-03-18 14:24:00,203.8,203.8,203.2,203.35
3949,2024-03-18 14:27:00,203.45,203.9,203.3,203.45
3950,2024-03-18 14:30:00,203.5,204.45,203.5,203.85
3951,2024-03-18 14:33:00,203.7,204.0,203.6,203.85
3952,2024-03-18 14:36:00,203.9,204.35,203.75,204.05
3953,2024-03-18 14:39:00,204.1,204.25,203.9,204.05
3954,2024-03-18 14:42:00,203.9,204.05,203.25,203.4
3955,2024-03-18 14:45:00,203.5,203.55,202.85,203.2
3956,2024-03-18 14:48:00,203.1,203.5,203.0,203.4
3957,2024-03-18 14:51:00,203.35,203.85,203.35,203.75
3958,2024-03-18 14:54:00,203.85,203.9,202.8,202.8
3959,2024-03-18 14:57:00,202.65,203.35,202.65,203.2
3960,2024-03-18 15:00:00,203.45,203.5,203.05,203.25
3961,2024-03-18 15:03:00,203.3,203.3,202.55,202.6
3962,2024-03-18 15:06:00,202.65,202.7,202.2,202.3
3963,2024-03-18 15:09:00,202.35,202.95,202.2,202.8
3964,2024-03-18 15:12:00,202.75,202.95,202.6,202.7
3965,2024-03-18 15:15:00,202.8,202.8,202.55,202.6
3966,2024-03-18 15:18:00,202.65,202.7,202.5,202.5
3967,2024-03-18 15:21:00,202.55,202.6,202.25,202.45
3968,2024-03-18 15:24:00,202.5,202.75,202.4,202.4
3969,2024-03-18 15:27:00,202.45,203.15,202.35,202.7
3970,2024-03-19 09:15:00,202.8,205.25,202.55,204.1
3971,2024-03-19 09:18:00,204.15,205.8,203.85,203.85
3972,2024-03-19 09:21:00,203.95,205.25,203.65,205.05
3973,2024-03-19 09:24:00,205.15,206.7,204.7,206.7
3974,2024-03-19 09:27:00,206.65,207.15,205.9,206.65
3975,2024-03-19 09:30:00,206.6,207.65,205.65,206.95
3976,2024-03-19 09:33:00,207.0,208.3,206.6,208.1
3977,2024-03-19 09:36:00,208.05,208.25,207.0,207.9
3978,2024-03-19 09:39:00,208.0,208.25,207.3,207.85
3979,2024-03-19 09:42:00,207.9,208.6,207.85,208.6
3980,2024-03-19 09:45:00,208.65,208.65,207.65,207.75
3981,2024-03-19 09:48:00,207.8,208.0,207.5,208.0
3982,2024-03-19 09:51:00,207.95,208.0,206.65,206.65
3983,2024-03-19 09:54:00,206.75,207.25,206.7,207.15
3984,2024-03-19 09:57:00,206.95,207.05,205.15,205.5
3985,2024-03-19 10:00:00,205.4,205.5,204.7,205.35
3986,2024-03-19 10:03:00,205.45,205.45,204.1,204.45
3987,2024-03-19 10:06:00,204.4,205.1,204.3,204.35
3988,2024-03-19 10:09:00,204.4,205.0,204.0,205.0
3989,2024-03-19 10:12:00,204.95,205.15,204.4,205.05
3990,2024-03-19 10:15:00,204.9,205.0,203.85,203.95
3991,2024-03-19 10:18:00,204.0,204.6,203.9,203.95
3992,2024-03-19 10:21:00,204.0,204.1,203.15,203.55
3993,2024-03-19 10:24:00,203.5,203.6,203.0,203.6
3994,2024-03-19 10:27:00,203.55,204.15,203.2,203.35
3995,2024-03-19 10:30:00,203.25,204.1,202.9,203.95
3996,2024-03-19 10:33:00,204.1,204.75,203.55,204.45
3997,2024-03-19 10:36:00,204.35,204.5,203.05,203.1
3998,2024-03-19 10:39:00,203.05,203.3,202.6,202.75
3999,2024-03-19 10:42:00,202.9,203.1,202.65,203.1
4000,2024-03-19 10:45:00,203.0,203.3,202.1,202.15
4001,2024-03-19 10:48:00,202.05,202.6,201.9,202.15
4002,2024-03-19 10:51:00,202.0,202.2,201.7,201.9
4003,2024-03-19 10:54:00,201.95,202.1,201.35,201.5
4004,2024-03-19 10:57:00,201.6,201.75,201.15,201.45
4005,2024-03-19 11:00:00,201.35,201.6,200.9,201.05
4006,2024-03-19 11:03:00,201.0,201.7,200.85,201.6
4007,2024-03-19 11:06:00,201.65,201.65,200.7,200.85
4008,2024-03-19 11:09:00,200.8,201.4,200.7,201.25
4009,2024-03-19 11:12:00,201.35,202.3,201.25,202.25
4010,2024-03-19 11:15:00,202.3,203.15,202.25,202.55
4011,2024-03-19 11:18:00,202.4,202.95,202.25,202.8
4012,2024-03-19 11:21:00,202.7,202.8,202.05,202.05
4013,2024-03-19 11:24:00,202.1,202.25,201.65,202.25
4014,2024-03-19 11:27:00,202.3,202.3,202.0,202.3
4015,2024-03-19 11:30:00,202.2,202.5,201.75,201.9
4016,2024-03-19 11:33:00,201.8,202.15,201.6,201.75
4017,2024-03-19 11:36:00,201.7,201.7,201.0,201.15
4018,2024-03-19 11:39:00,201.05,201.25,200.8,201.15
4019,2024-03-19 11:42:00,201.1,201.1,200.05,200.3
4020,2024-03-19 11:45:00,200.4,200.7,200.15,200.7
4021,2024-03-19 11:48:00,200.65,200.9,200.6,200.85
4022,2024-03-19 11:51:00,200.9,201.5,200.85,201.25
4023,2024-03-19 11:54:00,201.2,201.8,201.2,201.55
4024,2024-03-19 11:57:00,201.5,201.55,201.3,201.4
4025,2024-03-19 12:00:00,201.3,201.7,201.0,201.35
4026,2024-03-19 12:03:00,201.4,201.7,201.25,201.45
4027,2024-03-19 12:06:00,201.35,201.45,200.8,200.9
4028,2024-03-19 12:09:00,200.8,201.05,200.75,200.95
4029,2024-03-19 12:12:00,200.9,201.2,200.9,200.9
4030,2024-03-19 12:15:00,200.85,201.4,200.7,201.4
4031,2024-03-19 12:18:00,201.35,202.05,201.35,202.05
4032,2024-03-19 12:21:00,202.0,202.5,201.9,202.15
4033,2024-03-19 12:24:00,202.2,202.35,202.15,202.2
4034,2024-03-19 12:27:00,202.25,202.4,201.8,201.85
4035,2024-03-19 12:30:00,201.8,202.45,201.8,202.45
4036,2024-03-19 12:33:00,202.4,203.15,202.4,202.95
4037,2024-03-19 12:36:00,203.0,203.15,202.7,202.95
4038,2024-03-19 12:39:00,202.9,203.55,202.6,203.35
4039,2024-03-19 12:42:00,203.15,203.4,203.0,203.25
4040,2024-03-19 12:45:00,203.3,203.45,203.15,203.45
4041,2024-03-19 12:48:00,203.35,204.15,203.35,204.0
4042,2024-03-19 12:51:00,204.1,204.25,203.75,204.25
4043,2024-03-19 12:54:00,204.2,204.4,203.9,204.2
4044,2024-03-19 12:57:00,204.1,204.2,204.0,204.0
4045,2024-03-19 13:00:00,203.95,204.0,203.55,203.85
4046,2024-03-19 13:03:00,203.8,203.9,203.3,203.9
4047,2024-03-19 13:06:00,203.85,204.25,203.85,204.25
4048,2024-03-19 13:09:00,204.2,204.2,203.8,203.95
4049,2024-03-19 13:12:00,203.85,203.95,203.55,203.55
4050,2024-03-19 13:15:00,203.65,203.65,203.1,203.25
4051,2024-03-19 13:18:00,203.15,203.25,202.5,202.7
4052,2024-03-19 13:21:00,202.9,203.4,202.8,203.35
4053,2024-03-19 13:24:00,203.25,203.4,203.0,203.2
4054,2024-03-19 13:27:00,203.25,203.45,203.05,203.1
4055,2024-03-19 13:30:00,203.25,203.4,203.1,203.35
4056,2024-03-19 13:33:00,203.4,203.6,203.25,203.55
4057,2024-03-19 13:36:00,203.5,203.55,203.35,203.5
4058,2024-03-19 13:39:00,203.55,204.1,203.5,203.95
4059,2024-03-19 13:42:00,204.05,204.15,203.65,203.9
4060,2024-03-19 13:45:00,203.95,203.95,203.6,203.75
4061,2024-03-19 13:48:00,203.65,203.75,203.3,203.65
4062,2024-03-19 13:51:00,203.55,203.7,203.4,203.55
4063,2024-03-19 13:54:00,203.45,203.55,202.85,202.9
4064,2024-03-19 13:57:00,202.85,203.1,202.8,203.0
4065,2024-03-19 14:00:00,203.05,203.05,202.05,202.15
4066,2024-03-19 14:03:00,202.05,202.05,201.6,201.85
4067,2024-03-19 14:06:00,201.8,202.3,201.75,202.2
4068,2024-03-19 14:09:00,202.15,202.45,202.1,202.25
4069,2024-03-19 14:12:00,202.2,202.25,201.8,201.9
4070,2024-03-19 14:15:00,201.85,201.85,200.9,201.3
4071,2024-03-19 14:18:00,201.25,201.65,201.2,201.65
4072,2024-03-19 14:21:00,201.55,202.0,201.5,201.85
4073,2024-03-19 14:24:00,201.8,202.3,201.8,202.2
4074,2024-03-19 14:27:00,202.3,202.35,201.8,201.8
4075,2024-03-19 14:30:00,201.9,202.35,201.8,202.35
4076,2024-03-19 14:33:00,202.3,202.8,202.3,202.6
4077,2024-03-19 14:36:00,202.55,202.6,202.1,202.3
4078,2024-03-19 14:39:00,202.35,202.5,202.25,202.45
4079,2024-03-19 14:42:00,202.5,202.6,202.05,202.35
4080,2024-03-19 14:45:00,202.3,202.35,201.9,202.1
4081,2024-03-19 14:48:00,202.15,202.15,201.8,201.95
4082,2024-03-19 14:51:00,201.85,202.3,201.85,202.3
4083,2024-03-19 14:54:00,202.2,202.35,202.15,202.15
4084,2024-03-19 14:57:00,202.1,202.15,201.75,201.85
4085,2024-03-19 15:00:00,201.95,201.95,200.6,201.1
4086,2024-03-19 15:03:00,201.05,201.4,200.9,200.95
4087,2024-03-19 15:06:00,200.9,201.15,200.65,200.7
4088,2024-03-19 15:09:00,200.65,200.85,200.15,200.3
4089,2024-03-19 15:12:00,200.35,200.4,199.8,200.0
4090,2024-03-19 15:15:00,199.95,200.3,199.7,200.3
4091,2024-03-19 15:18:00,200.25,200.4,199.95,200.2
4092,2024-03-19 15:21:00,200.1,200.4,200.05,200.15
4093,2024-03-19 15:24:00,200.2,200.25,199.85,200.0
4094,2024-03-19 15:27:00,200.05,202.4,199.8,202.4
4095,2024-03-20 09:15:00,202.15,205.9,202.15,205.6
4096,2024-03-20 09:18:00,205.65,206.15,203.8,204.0
4097,2024-03-20 09:21:00,203.9,204.75,203.55,204.65
4098,2024-03-20 09:24:00,204.55,204.85,203.8,204.35
4099,2024-03-20 09:27:00,204.3,204.75,203.35,204.35
4100,2024-03-20 09:30:00,204.25,204.6,203.5,203.7
4101,2024-03-20 09:33:00,203.75,204.4,203.55,204.1
4102,2024-03-20 09:36:00,204.0,204.85,204.0,204.7
4103,2024-03-20 09:39:00,204.6,204.85,204.25,204.4
4104,2024-03-20 09:42:00,204.45,204.45,204.0,204.05
4105,2024-03-20 09:45:00,204.15,204.15,203.4,203.75
4106,2024-03-20 09:48:00,203.9,204.35,203.4,203.9
4107,2024-03-20 09:51:00,203.85,204.1,203.35,203.75
4108,2024-03-20 09:54:00,203.8,203.8,202.9,203.5
4109,2024-03-20 09:57:00,203.35,203.45,202.7,202.8
4110,2024-03-20 10:00:00,202.85,202.95,201.5,201.85
4111,2024-03-20 10:03:00,201.65,203.05,201.55,202.95
4112,2024-03-20 10:06:00,203.0,203.05,202.4,202.75
4113,2024-03-20 10:09:00,202.8,202.95,202.2,202.3
4114,2024-03-20 10:12:00,202.35,202.6,202.0,202.15
4115,2024-03-20 10:15:00,202.2,203.2,202.15,202.75
4116,2024-03-20 10:18:00,202.8,202.85,202.2,202.4
4117,2024-03-20 10:21:00,202.35,202.45,202.0,202.2
4118,2024-03-20 10:24:00,202.25,202.9,202.05,202.8
4119,2024-03-20 10:27:00,202.9,203.6,202.65,202.65
4120,2024-03-20 10:30:00,202.75,202.95,202.55,202.85
4121,2024-03-20 10:33:00,202.9,203.7,202.85,203.45
4122,2024-03-20 10:36:00,203.55,203.9,203.5,203.8
4123,2024-03-20 10:39:00,203.9,204.25,203.5,203.5
4124,2024-03-20 10:42:00,203.55,204.0,203.45,203.8
4125,2024-03-20 10:45:00,203.7,203.7,202.65,202.8
4126,2024-03-20 10:48:00,202.95,203.75,202.85,203.05
4127,2024-03-20 10:51:00,203.1,204.15,203.05,204.1
4128,2024-03-20 10:54:00,204.15,205.55,204.05,205.2
4129,2024-03-20 10:57:00,205.25,205.85,205.25,205.65
4130,2024-03-20 11:00:00,205.6,205.85,205.1,205.25
4131,2024-03-20 11:03:00,205.2,205.9,205.15,205.4
4132,2024-03-20 11:06:00,205.3,205.8,205.3,205.45
4133,2024-03-20 11:09:00,205.4,205.7,205.4,205.65
4134,2024-03-20 11:12:00,205.6,205.7,205.45,205.5
4135,2024-03-20 11:15:00,205.45,205.5,205.05,205.05
4136,2024-03-20 11:18:00,205.15,205.4,205.05,205.1
4137,2024-03-20 11:21:00,205.15,205.5,205.1,205.35
4138,2024-03-20 11:24:00,205.4,205.45,205.15,205.2
4139,2024-03-20 11:27:00,205.25,205.3,204.75,204.9
4140,2024-03-20 11:30:00,204.85,205.1,204.75,205.1
4141,2024-03-20 11:33:00,205.15,205.6,205.05,205.1
4142,2024-03-20 11:36:00,205.2,205.2,204.9,205.0
4143,2024-03-20 11:39:00,205.05,205.7,205.0,205.7
4144,2024-03-20 11:42:00,205.8,206.1,205.7,205.95
4145,2024-03-20 11:45:00,206.05,206.05,205.8,206.0
4146,2024-03-20 11:48:00,205.95,206.05,205.85,205.9
4147,2024-03-20 11:51:00,205.95,206.15,205.85,206.1
4148,2024-03-20 11:54:00,206.0,206.25,205.9,206.15
4149,2024-03-20 11:57:00,206.1,206.2,205.15,205.2
4150,2024-03-20 12:00:00,205.15,205.25,204.95,205.05
4151,2024-03-20 12:03:00,205.0,205.15,204.75,204.75
4152,2024-03-20 12:06:00,204.8,205.1,204.7,205.05
4153,2024-03-20 12:09:00,205.15,205.15,204.25,204.35
4154,2024-03-20 12:12:00,204.45,204.45,204.05,204.45
4155,2024-03-20 12:15:00,204.4,204.95,204.3,204.95
4156,2024-03-20 12:18:00,204.9,205.2,204.5,204.65
4157,2024-03-20 12:21:00,204.55,204.95,204.5,204.85
4158,2024-03-20 12:24:00,204.9,205.3,204.8,205.15
4159,2024-03-20 12:27:00,205.05,205.1,204.75,204.8
4160,2024-03-20 12:30:00,204.95,205.0,204.75,204.8
4161,2024-03-20 12:33:00,204.75,205.1,204.75,205.1
4162,2024-03-20 12:36:00,205.05,205.2,205.0,205.2
4163,2024-03-20 12:39:00,205.1,205.35,204.9,205.1
4164,2024-03-20 12:42:00,205.05,205.15,205.0,205.05
4165,2024-03-20 12:45:00,205.1,205.3,205.05,205.25
4166,2024-03-20 12:48:00,205.2,205.5,205.05,205.5
4167,2024-03-20 12:51:00,205.45,205.6,205.25,205.3
4168,2024-03-20 12:54:00,205.25,205.3,205.2,205.25
4169,2024-03-20 12:57:00,205.2,205.4,204.85,204.95
4170,2024-03-20 13:00:00,205.0,205.1,204.9,205.1
4171,2024-03-20 13:03:00,204.95,205.05,204.95,205.05
4172,2024-03-20 13:06:00,205.0,205.3,205.0,205.25
4173,2024-03-20 13:09:00,205.3,205.6,205.15,205.55
4174,2024-03-20 13:12:00,205.65,205.75,205.55,205.65
4175,2024-03-20 13:15:00,205.6,205.7,205.45,205.65
4176,2024-03-20 13:18:00,205.55,205.6,205.2,205.45
4177,2024-03-20 13:21:00,205.4,205.65,205.4,205.5
4178,2024-03-20 13:24:00,205.45,205.7,205.45,205.7
4179,2024-03-20 13:27:00,205.65,205.65,205.4,205.45
4180,2024-03-20 13:30:00,205.5,205.65,205.05,205.5
4181,2024-03-20 13:33:00,205.55,205.55,205.3,205.55
4182,2024-03-20 13:36:00,205.5,205.6,205.35,205.55
4183,2024-03-20 13:39:00,205.5,205.6,205.45,205.6
4184,2024-03-20 13:42:00,205.55,205.9,205.45,205.9
4185,2024-03-20 13:45:00,205.85,206.0,205.75,205.8
4186,2024-03-20 13:48:00,205.75,205.8,205.05,205.2
4187,2024-03-20 13:51:00,205.25,205.6,205.2,205.45
4188,2024-03-20 13:54:00,205.4,205.6,205.3,205.5
4189,2024-03-20 13:57:00,205.45,205.55,205.2,205.3
4190,2024-03-20 14:00:00,205.25,205.35,205.1,205.2
4191,2024-03-20 14:03:00,205.15,205.2,204.8,204.9
4192,2024-03-20 14:06:00,204.8,205.0,204.75,204.95
4193,2024-03-20 14:09:00,204.9,205.0,204.6,204.6
4194,2024-03-20 14:12:00,204.7,204.95,204.65,204.9
4195,2024-03-20 14:15:00,204.65,205.15,204.65,205.1
4196,2024-03-20 14:18:00,205.05,205.2,205.0,205.1
4197,2024-03-20 14:21:00,205.05,205.05,204.5,204.7
4198,2024-03-20 14:24:00,204.75,204.9,204.4,204.75
4199,2024-03-20 14:27:00,204.8,205.0,204.65,204.75
4200,2024-03-20 14:30:00,204.7,205.0,204.7,204.75
4201,2024-03-20 14:33:00,204.7,205.05,204.6,204.95
4202,2024-03-20 14:36:00,205.0,205.1,204.85,205.05
4203,2024-03-20 14:39:00,205.1,205.75,205.0,205.5
4204,2024-03-20 14:42:00,205.55,205.6,205.1,205.5
4205,2024-03-20 14:45:00,205.6,205.65,205.5,205.55
4206,2024-03-20 14:48:00,205.6,205.75,205.55,205.7
4207,2024-03-20 14:51:00,205.75,205.95,205.65,205.7
4208,2024-03-20 14:54:00,205.75,205.8,205.3,205.55
4209,2024-03-20 14:57:00,205.6,205.65,205.5,205.6
4210,2024-03-20 15:00:00,205.7,205.9,205.5,205.75
4211,2024-03-20 15:03:00,205.8,206.0,205.65,205.9
4212,2024-03-20 15:06:00,205.85,205.95,205.8,205.8
4213,2024-03-20 15:09:00,205.75,205.95,205.7,205.85
4214,2024-03-20 15:12:00,205.75,206.1,205.75,206.1
4215,2024-03-20 15:15:00,206.05,206.25,205.8,206.0
4216,2024-03-20 15:18:00,205.95,206.25,205.9,205.95
4217,2024-03-20 15:21:00,206.0,206.0,205.3,205.45
4218,2024-03-20 15:24:00,205.5,205.95,205.45,205.7
4219,2024-03-20 15:27:00,205.75,205.8,204.3,205.7
4220,2024-03-21 09:15:00,205.55,208.6,205.55,207.9
4221,2024-03-21 09:18:00,207.95,208.0,207.05,207.4
4222,2024-03-21 09:21:00,207.5,207.7,206.7,206.8
4223,2024-03-21 09:24:00,206.85,207.4,206.55,207.25
4224,2024-03-21 09:27:00,207.35,207.7,206.75,206.85
4225,2024-03-21 09:30:00,206.75,206.95,206.4,206.75
4226,2024-03-21 09:33:00,206.8,206.95,206.3,206.55
4227,2024-03-21 09:36:00,206.6,206.7,206.15,206.2
4228,2024-03-21 09:39:00,206.25,206.9,206.2,206.7
4229,2024-03-21 09:42:00,206.75,206.9,206.3,206.75
4230,2024-03-21 09:45:00,206.8,207.25,206.6,206.8
4231,2024-03-21 09:48:00,206.75,206.9,206.5,206.65
4232,2024-03-21 09:51:00,206.6,206.65,206.15,206.65
4233,2024-03-21 09:54:00,206.6,207.65,206.35,207.65
4234,2024-03-21 09:57:00,207.6,207.9,207.3,207.75
4235,2024-03-21 10:00:00,207.85,208.6,207.6,207.7
4236,2024-03-21 10:03:00,207.8,207.8,206.9,206.95
4237,2024-03-21 10:06:00,207.0,207.05,206.8,206.85
4238,2024-03-21 10:09:00,206.9,207.1,206.75,206.9
4239,2024-03-21 10:12:00,206.85,207.6,206.85,207.45
4240,2024-03-21 10:15:00,207.5,207.7,207.45,207.55
4241,2024-03-21 10:18:00,207.6,208.2,207.55,207.95
4242,2024-03-21 10:21:00,208.0,208.1,207.75,207.8
4243,2024-03-21 10:24:00,207.9,208.0,207.7,207.8
4244,2024-03-21 10:27:00,207.85,207.9,207.6,207.6
4245,2024-03-21 10:30:00,207.65,207.7,207.3,207.55
4246,2024-03-21 10:33:00,207.6,207.9,207.5,207.55
4247,2024-03-21 10:36:00,207.5,207.55,206.85,206.9
4248,2024-03-21 10:39:00,206.95,207.9,206.75,207.75
4249,2024-03-21 10:42:00,207.8,207.9,207.5,207.55
4250,2024-03-21 10:45:00,207.65,207.9,207.5,207.75
4251,2024-03-21 10:48:00,207.7,207.7,206.95,207.4
4252,2024-03-21 10:51:00,207.25,207.45,207.05,207.3
4253,2024-03-21 10:54:00,207.35,207.8,207.25,207.75
4254,2024-03-21 10:57:00,207.7,207.8,207.5,207.65
4255,2024-03-21 11:00:00,207.6,207.6,207.05,207.3
4256,2024-03-21 11:03:00,207.25,207.7,207.25,207.65
4257,2024-03-21 11:06:00,207.55,207.85,207.4,207.55
4258,2024-03-21 11:09:00,207.6,207.6,207.05,207.25
4259,2024-03-21 11:12:00,207.2,207.3,207.1,207.2
4260,2024-03-21 11:15:00,207.15,207.25,206.7,207.0
4261,2024-03-21 11:18:00,207.05,207.2,206.95,207.2
4262,2024-03-21 11:21:00,207.35,208.8,207.25,207.85
4263,2024-03-21 11:24:00,207.8,208.1,207.45,208.0
4264,2024-03-21 11:27:00,208.1,208.1,207.8,207.9
4265,2024-03-21 11:30:00,207.8,208.45,207.8,208.2
4266,2024-03-21 11:33:00,208.3,208.3,207.85,207.95
4267,2024-03-21 11:36:00,207.85,208.1,207.65,207.85
4268,2024-03-21 11:39:00,207.9,207.9,207.3,207.7
4269,2024-03-21 11:42:00,207.75,207.85,207.5,207.5
4270,2024-03-21 11:45:00,207.45,207.5,207.1,207.35
4271,2024-03-21 11:48:00,207.2,207.4,207.2,207.35
4272,2024-03-21 11:51:00,207.3,207.65,207.2,207.5
4273,2024-03-21 11:54:00,207.6,207.6,207.05,207.35
4274,2024-03-21 11:57:00,207.2,207.3,207.0,207.2
4275,2024-03-21 12:00:00,207.1,207.45,206.95,207.0
4276,2024-03-21 12:03:00,206.95,207.2,206.65,206.7
4277,2024-03-21 12:06:00,206.65,206.8,206.1,206.1
4278,2024-03-21 12:09:00,206.15,206.15,205.2,205.4
4279,2024-03-21 12:12:00,205.5,205.5,204.8,204.95
4280,2024-03-21 12:15:00,205.0,205.65,204.8,205.6
4281,2024-03-21 12:18:00,205.5,205.8,205.25,205.55
4282,2024-03-21 12:21:00,205.65,206.25,205.5,205.9
4283,2024-03-21 12:24:00,205.8,206.1,205.3,205.6
4284,2024-03-21 12:27:00,205.65,205.65,205.2,205.4
4285,2024-03-21 12:30:00,205.45,205.75,205.3,205.3
4286,2024-03-21 12:33:00,205.25,205.75,205.2,205.7
4287,2024-03-21 12:36:00,205.75,206.2,205.55,205.85
4288,2024-03-21 12:39:00,205.75,205.95,205.4,205.6
4289,2024-03-21 12:42:00,205.75,205.75,205.2,205.65
4290,2024-03-21 12:45:00,205.6,205.7,205.35,205.4
4291,2024-03-21 12:48:00,205.35,205.65,205.25,205.35
4292,2024-03-21 12:51:00,205.25,205.5,205.2,205.45
4293,2024-03-21 12:54:00,205.4,205.45,205.2,205.35
4294,2024-03-21 12:57:00,205.25,205.65,205.25,205.5
4295,2024-03-21 13:00:00,205.4,205.5,205.15,205.35
4296,2024-03-21 13:03:00,205.3,205.35,204.8,204.9
4297,2024-03-21 13:06:00,205.0,205.4,204.8,205.3
4298,2024-03-21 13:09:00,205.35,205.45,205.15,205.4
4299,2024-03-21 13:12:00,205.3,205.5,205.25,205.3
4300,2024-03-21 13:15:00,205.25,205.4,205.0,205.05
4301,2024-03-21 13:18:00,205.1,205.35,205.0,205.3
4302,2024-03-21 13:21:00,205.35,205.35,205.0,205.1
4303,2024-03-21 13:24:00,205.05,205.3,205.05,205.3
4304,2024-03-21 13:27:00,205.2,205.65,205.15,205.65
4305,2024-03-21 13:30:00,205.6,205.85,205.5,205.5
4306,2024-03-21 13:33:00,205.45,205.5,205.2,205.35
4307,2024-03-21 13:36:00,205.25,205.55,205.2,205.55
4308,2024-03-21 13:39:00,205.5,205.65,205.4,205.4
4309,2024-03-21 13:42:00,205.45,205.55,205.3,205.45
4310,2024-03-21 13:45:00,205.35,205.55,205.2,205.4
4311,2024-03-21 13:48:00,205.35,205.5,205.15,205.4
4312,2024-03-21 13:51:00,205.3,205.6,205.25,205.6
4313,2024-03-21 13:54:00,205.55,205.6,205.2,205.5
4314,2024-03-21 13:57:00,205.4,205.65,205.35,205.65
4315,2024-03-21 14:00:00,205.6,206.1,205.6,205.7
4316,2024-03-21 14:03:00,205.6,206.05,205.5,205.9
4317,2024-03-21 14:06:00,205.95,206.0,205.65,205.75
4318,2024-03-21 14:09:00,205.8,205.8,205.35,205.45
4319,2024-03-21 14:12:00,205.5,205.6,205.45,205.5
4320,2024-03-21 14:15:00,205.55,205.8,205.35,205.7
4321,2024-03-21 14:18:00,205.75,205.95,205.6,205.85
4322,2024-03-21 14:21:00,205.9,206.25,205.75,206.2
4323,2024-03-21 14:24:00,206.25,206.4,206.2,206.3
4324,2024-03-21 14:27:00,206.35,206.4,206.15,206.25
4325,2024-03-21 14:30:00,206.2,206.65,206.2,206.65
4326,2024-03-21 14:33:00,206.6,207.0,206.55,206.85
4327,2024-03-21 14:36:00,206.9,207.0,206.7,206.95
4328,2024-03-21 14:39:00,206.8,207.35,206.8,207.3
4329,2024-03-21 14:42:00,207.2,207.35,207.05,207.2
4330,2024-03-21 14:45:00,207.1,207.2,207.0,207.05
4331,2024-03-21 14:48:00,207.1,207.3,207.0,207.3
4332,2024-03-21 14:51:00,207.25,207.4,206.7,206.75
4333,2024-03-21 14:54:00,206.5,206.65,206.5,206.6
4334,2024-03-21 14:57:00,206.65,206.8,206.6,206.8
4335,2024-03-21 15:00:00,206.75,206.85,206.65,206.75
4336,2024-03-21 15:03:00,206.7,207.15,206.65,207.05
4337,2024-03-21 15:06:00,207.1,207.6,207.0,207.45
4338,2024-03-21 15:09:00,207.4,207.55,207.35,207.45
4339,2024-03-21 15:12:00,207.4,207.55,207.3,207.4
4340,2024-03-21 15:15:00,207.35,207.45,207.0,207.15
4341,2024-03-21 15:18:00,207.1,207.7,207.1,207.6
4342,2024-03-21 15:21:00,207.7,208.0,207.55,207.85
4343,2024-03-21 15:24:00,207.9,208.7,207.8,208.55
4344,2024-03-21 15:27:00,208.5,208.7,206.0,206.0
4345,2024-03-22 09:15:00,205.3,206.6,205.0,206.0
4346,2024-03-22 09:18:00,206.05,206.1,204.45,204.7
4347,2024-03-22 09:21:00,204.55,204.8,203.55,203.6
4348,2024-03-22 09:24:00,203.55,203.7,202.7,202.7
4349,2024-03-22 09:27:00,202.6,202.9,202.4,202.9
4350,2024-03-22 09:30:00,202.85,203.2,202.0,203.05
4351,2024-03-22 09:33:00,203.15,204.35,203.15,204.25
4352,2024-03-22 09:36:00,204.15,204.9,204.15,204.35
4353,2024-03-22 09:39:00,204.45,204.75,204.1,204.3
4354,2024-03-22 09:42:00,204.4,204.55,204.15,204.2
4355,2024-03-22 09:45:00,204.15,204.3,203.5,204.05
4356,2024-03-22 09:48:00,204.1,204.2,203.8,204.0
4357,2024-03-22 09:51:00,204.05,204.05,203.1,203.5
4358,2024-03-22 09:54:00,203.45,203.75,203.35,203.6
4359,2024-03-22 09:57:00,203.55,203.95,203.55,203.95
4360,2024-03-22 10:00:00,203.9,204.5,203.9,204.05
4361,2024-03-22 10:03:00,204.1,204.25,203.6,203.7
4362,2024-03-22 10:06:00,203.75,203.8,203.25,203.35
4363,2024-03-22 10:09:00,203.25,203.55,203.0,203.05
4364,2024-03-22 10:12:00,203.2,203.75,203.05,203.75
4365,2024-03-22 10:15:00,203.7,203.95,203.3,203.45
4366,2024-03-22 10:18:00,203.4,203.85,203.3,203.65
4367,2024-03-22 10:21:00,203.55,203.75,203.1,203.35
4368,2024-03-22 10:24:00,203.25,203.35,202.8,203.3
4369,2024-03-22 10:27:00,203.2,203.55,203.2,203.3
4370,2024-03-22 10:30:00,203.35,203.65,203.3,203.55
4371,2024-03-22 10:33:00,203.5,203.5,203.05,203.15
4372,2024-03-22 10:36:00,203.1,203.25,203.0,203.15
4373,2024-03-22 10:39:00,203.1,203.2,202.6,202.75
4374,2024-03-22 10:42:00,202.7,202.75,202.0,202.15
4375,2024-03-22 10:45:00,202.05,202.65,202.0,202.5
4376,2024-03-22 10:48:00,202.4,204.95,202.2,204.1
4377,2024-03-22 10:51:00,204.2,204.8,203.8,204.5
4378,2024-03-22 10:54:00,204.55,204.7,203.6,204.05
4379,2024-03-22 10:57:00,204.0,204.05,203.7,203.75
4380,2024-03-22 11:00:00,203.8,203.9,203.65,203.85
4381,2024-03-22 11:03:00,203.75,204.2,203.6,204.2
4382,2024-03-22 11:06:00,204.1,204.2,203.8,204.15
4383,2024-03-22 11:09:00,204.2,204.25,203.7,203.8
4384,2024-03-22 11:12:00,203.9,204.5,203.8,204.3
4385,2024-03-22 11:15:00,204.25,204.5,204.25,204.3
4386,2024-03-22 11:18:00,204.4,204.5,204.3,204.3
4387,2024-03-22 11:21:00,204.4,204.4,204.2,204.2
4388,2024-03-22 11:24:00,204.15,204.5,204.15,204.35
4389,2024-03-22 11:27:00,204.3,204.7,204.2,204.7
4390,2024-03-22 11:30:00,204.65,204.7,204.5,204.7
4391,2024-03-22 11:33:00,204.65,204.9,204.65,204.9
4392,2024-03-22 11:36:00,204.8,205.0,204.75,204.9
4393,2024-03-22 11:39:00,204.8,204.95,204.6,204.85
4394,2024-03-22 11:42:00,204.75,204.85,204.6,204.6
4395,2024-03-22 11:45:00,204.8,204.8,204.4,204.6
4396,2024-03-22 11:48:00,204.55,205.0,204.5,204.85
4397,2024-03-22 11:51:00,204.95,205.25,204.9,205.25
4398,2024-03-22 11:54:00,205.2,205.3,205.0,205.2
4399,2024-03-22 11:57:00,205.35,205.35,204.75,204.9
4400,2024-03-22 12:00:00,204.95,205.0,204.65,204.75
4401,2024-03-22 12:03:00,204.9,205.2,204.7,204.7
4402,2024-03-22 12:06:00,204.65,205.25,204.5,205.0
4403,2024-03-22 12:09:00,205.05,205.4,205.05,205.05
4404,2024-03-22 12:12:00,205.1,205.1,204.85,204.9
4405,2024-03-22 12:15:00,205.0,205.05,204.1,204.2
4406,2024-03-22 12:18:00,204.15,204.2,203.5,203.65
4407,2024-03-22 12:21:00,203.7,203.95,203.5,203.8
4408,2024-03-22 12:24:00,203.85,204.15,203.8,203.8
4409,2024-03-22 12:27:00,204.0,204.55,203.9,204.35
4410,2024-03-22 12:30:00,204.5,204.5,204.05,204.2
4411,2024-03-22 12:33:00,204.25,204.5,204.2,204.4
4412,2024-03-22 12:36:00,204.35,204.5,204.0,204.15
4413,2024-03-22 12:39:00,204.35,204.6,203.95,204.5
4414,2024-03-22 12:42:00,204.45,204.8,204.3,204.45
4415,2024-03-22 12:45:00,204.55,204.8,204.45,204.6
4416,2024-03-22 12:48:00,204.5,204.7,204.45,204.5
4417,2024-03-22 12:51:00,204.6,204.65,204.25,204.5
4418,2024-03-22 12:54:00,204.6,204.6,204.1,204.1
4419,2024-03-22 12:57:00,204.25,204.25,204.05,204.2
4420,2024-03-22 13:00:00,204.15,204.3,203.85,204.2
4421,2024-03-22 13:03:00,204.35,204.35,204.0,204.0
4422,2024-03-22 13:06:00,204.05,204.15,203.9,204.0
4423,2024-03-22 13:09:00,204.05,204.25,203.95,204.2
4424,2024-03-22 13:12:00,204.1,204.4,204.05,204.3
4425,2024-03-22 13:15:00,204.4,204.55,204.25,204.5
4426,2024-03-22 13:18:00,204.35,204.65,204.3,204.35
4427,2024-03-22 13:21:00,204.4,204.5,204.1,204.25
4428,2024-03-22 13:24:00,204.15,204.3,204.0,204.05
4429,2024-03-22 13:27:00,204.15,204.35,204.0,204.15
4430,2024-03-22 13:30:00,204.1,204.5,204.1,204.4
4431,2024-03-22 13:33:00,204.5,204.55,204.0,204.2
4432,2024-03-22 13:36:00,204.15,204.4,204.15,204.3
4433,2024-03-22 13:39:00,204.25,204.35,204.0,204.15
4434,2024-03-22 13:42:00,204.2,204.6,204.15,204.6
4435,2024-03-22 13:45:00,204.5,204.75,204.35,204.45
4436,2024-03-22 13:48:00,204.35,204.55,204.35,204.35
4437,2024-03-22 13:51:00,204.45,204.65,204.25,204.6
4438,2024-03-22 13:54:00,204.5,205.0,204.5,204.8
4439,2024-03-22 13:57:00,204.7,204.85,204.6,204.7
4440,2024-03-22 14:00:00,204.65,204.85,204.55,204.55
4441,2024-03-22 14:03:00,204.7,204.8,204.6,204.75
4442,2024-03-22 14:06:00,204.7,204.8,204.6,204.6
4443,2024-03-22 14:09:00,204.65,205.05,204.6,205.05
4444,2024-03-22 14:12:00,205.0,205.05,204.7,204.7
4445,2024-03-22 14:15:00,204.75,205.05,204.7,205.05
4446,2024-03-22 14:18:00,204.95,205.25,204.95,205.1
4447,2024-03-22 14:21:00,205.15,205.25,205.0,205.1
4448,2024-03-22 14:24:00,205.2,205.2,204.9,205.0
4449,2024-03-22 14:27:00,205.05,205.1,204.85,204.95
4450,2024-03-22 14:30:00,205.0,205.1,204.8,204.8
4451,2024-03-22 14:33:00,204.9,205.0,204.65,204.75
4452,2024-03-22 14:36:00,204.85,204.85,204.2,204.7
4453,2024-03-22 14:39:00,204.55,204.75,204.1,204.25
4454,2024-03-22 14:42:00,204.3,204.9,204.15,204.8
4455,2024-03-22 14:45:00,204.75,204.9,204.5,204.65
4456,2024-03-22 14:48:00,204.6,204.7,204.35,204.4
4457,2024-03-22 14:51:00,204.35,204.7,204.25,204.4
4458,2024-03-22 14:54:00,204.45,204.5,204.25,204.45
4459,2024-03-22 14:57:00,204.5,204.5,204.15,204.3
4460,2024-03-22 15:00:00,204.25,204.3,203.65,203.8
4461,2024-03-22 15:03:00,203.9,204.25,203.5,203.55
4462,2024-03-22 15:06:00,203.6,203.75,203.55,203.75
4463,2024-03-22 15:09:00,203.7,203.85,203.65,203.8
4464,2024-03-22 15:12:00,203.75,203.8,203.2,203.35
4465,2024-03-22 15:15:00,203.4,203.8,203.35,203.65
4466,2024-03-22 15:18:00,203.7,203.85,203.5,203.75
4467,2024-03-22 15:21:00,203.7,203.75,203.55,203.75
4468,2024-03-22 15:24:00,203.8,203.9,203.6,203.65
4469,2024-03-22 15:27:00,203.7,204.0,203.65,204.0
4470,2024-03-26 09:15:00,203.2,204.9,201.95,204.75
4471,2024-03-26 09:18:00,204.55,204.55,203.35,204.0
4472,2024-03-26 09:21:00,203.9,204.55,203.8,204.2
4473,2024-03-26 09:24:00,204.15,204.35,203.85,204.15
4474,2024-03-26 09:27:00,204.25,205.95,204.05,205.75
4475,2024-03-26 09:30:00,205.65,206.15,205.15,205.3
4476,2024-03-26 09:33:00,205.35,205.35,203.1,203.2
4477,2024-03-26 09:36:00,203.25,204.15,202.95,203.75
4478,2024-03-26 09:39:00,203.85,205.1,203.85,204.35
4479,2024-03-26 09:42:00,204.25,204.85,204.0,204.2
4480,2024-03-26 09:45:00,204.25,204.8,204.15,204.7
4481,2024-03-26 09:48:00,204.75,204.95,204.3,204.65
4482,2024-03-26 09:51:00,204.6,204.7,204.0,204.6
4483,2024-03-26 09:54:00,204.55,204.9,203.75,204.35
4484,2024-03-26 09:57:00,204.3,204.4,203.7,203.9
4485,2024-03-26 10:00:00,203.95,204.1,203.5,204.1
4486,2024-03-26 10:03:00,204.0,204.25,203.5,204.05
4487,2024-03-26 10:06:00,203.95,204.25,203.55,203.95
4488,2024-03-26 10:09:00,204.0,204.4,203.8,204.35
4489,2024-03-26 10:12:00,204.4,204.7,204.15,204.4
4490,2024-03-26 10:15:00,204.55,204.6,202.95,202.95
4491,2024-03-26 10:18:00,203.05,203.7,203.05,203.5
4492,2024-03-26 10:21:00,203.65,203.65,202.85,203.05
4493,2024-03-26 10:24:00,203.1,203.35,203.0,203.25
4494,2024-03-26 10:27:00,203.15,203.9,203.15,203.75
4495,2024-03-26 10:30:00,203.8,204.0,203.7,204.0
4496,2024-03-26 10:33:00,203.95,204.05,203.65,204.05
4497,2024-03-26 10:36:00,204.1,204.3,203.85,204.3
4498,2024-03-26 10:39:00,204.4,204.45,203.85,203.85
4499,2024-03-26 10:42:00,203.95,204.0,203.7,203.8
4500,2024-03-26 10:45:00,203.9,204.25,203.65,203.75
4501,2024-03-26 10:48:00,203.85,204.2,203.75,204.2
4502,2024-03-26 10:51:00,204.15,204.15,203.8,204.1
4503,2024-03-26 10:54:00,204.05,204.95,203.9,204.95
4504,2024-03-26 10:57:00,205.05,205.05,204.5,204.65
4505,2024-03-26 11:00:00,204.55,204.85,204.45,204.7
4506,2024-03-26 11:03:00,204.8,204.95,204.4,204.65
4507,2024-03-26 11:06:00,204.5,204.9,204.5,204.9
4508,2024-03-26 11:09:00,204.75,204.95,204.75,204.85
4509,2024-03-26 11:12:00,204.9,204.9,204.3,204.45
4510,2024-03-26 11:15:00,204.5,204.55,204.1,204.25
4511,2024-03-26 11:18:00,204.3,204.35,204.1,204.15
4512,2024-03-26 11:21:00,204.1,204.4,204.0,204.3
4513,2024-03-26 11:24:00,204.4,204.4,204.05,204.15
4514,2024-03-26 11:27:00,204.2,204.35,204.05,204.2
4515,2024-03-26 11:30:00,204.1,204.2,203.75,203.8
4516,2024-03-26 11:33:00,203.85,203.85,203.6,203.7
4517,2024-03-26 11:36:00,203.6,203.8,203.55,203.6
4518,2024-03-26 11:39:00,203.75,203.95,203.6,203.9
4519,2024-03-26 11:42:00,203.85,203.9,203.65,203.8
4520,2024-03-26 11:45:00,203.75,203.95,203.6,203.8
4521,2024-03-26 11:48:00,203.75,204.25,203.7,204.1
4522,2024-03-26 11:51:00,204.0,204.15,204.0,204.1
4523,2024-03-26 11:54:00,204.05,204.15,203.6,203.85
4524,2024-03-26 11:57:00,203.8,204.05,203.65,203.8
4525,2024-03-26 12:00:00,203.85,204.0,203.65,203.75
4526,2024-03-26 12:03:00,203.8,203.8,203.6,203.7
4527,2024-03-26 12:06:00,203.6,203.7,203.5,203.5
4528,2024-03-26 12:09:00,203.55,203.85,203.45,203.65
4529,2024-03-26 12:12:00,203.6,203.9,203.5,203.7
4530,2024-03-26 12:15:00,203.6,203.7,203.5,203.65
4531,2024-03-26 12:18:00,203.6,204.0,203.5,203.85
4532,2024-03-26 12:21:00,203.8,203.85,202.85,203.3
4533,2024-03-26 12:24:00,203.35,203.45,203.15,203.35
4534,2024-03-26 12:27:00,203.2,203.65,203.2,203.45
4535,2024-03-26 12:30:00,203.55,203.6,203.35,203.45
4536,2024-03-26 12:33:00,203.35,203.5,203.2,203.3
4537,2024-03-26 12:36:00,203.25,203.3,203.1,203.3
4538,2024-03-26 12:39:00,203.25,203.45,203.25,203.4
4539,2024-03-26 12:42:00,203.35,203.6,203.15,203.25
4540,2024-03-26 12:45:00,203.2,203.4,203.15,203.35
4541,2024-03-26 12:48:00,203.3,203.35,203.15,203.25
4542,2024-03-26 12:51:00,203.2,203.4,203.1,203.4
4543,2024-03-26 12:54:00,203.35,203.45,203.25,203.45
4544,2024-03-26 12:57:00,203.4,203.5,203.3,203.5
4545,2024-03-26 13:00:00,203.55,203.8,203.5,203.75
4546,2024-03-26 13:03:00,203.7,203.8,203.55,203.6
4547,2024-03-26 13:06:00,203.5,203.6,203.4,203.5
4548,2024-03-26 13:09:00,203.6,203.7,203.5,203.65
4549,2024-03-26 13:12:00,203.6,203.65,203.4,203.45
4550,2024-03-26 13:15:00,203.55,203.6,203.45,203.55
4551,2024-03-26 13:18:00,203.45,203.75,203.45,203.65
4552,2024-03-26 13:21:00,203.6,203.65,203.5,203.6
4553,2024-03-26 13:24:00,203.55,203.6,203.3,203.4
4554,2024-03-26 13:27:00,203.35,203.45,203.15,203.25
4555,2024-03-26 13:30:00,203.2,203.5,203.15,203.5
4556,2024-03-26 13:33:00,203.45,203.5,203.4,203.5
4557,2024-03-26 13:36:00,203.6,203.75,203.55,203.65
4558,2024-03-26 13:39:00,203.6,203.8,203.5,203.6
4559,2024-03-26 13:42:00,203.5,203.85,203.5,203.75
4560,2024-03-26 13:45:00,203.7,203.7,203.25,203.4
4561,2024-03-26 13:48:00,203.45,203.65,203.3,203.6
4562,2024-03-26 13:51:00,203.65,203.95,203.6,203.65
4563,2024-03-26 13:54:00,203.7,203.8,203.5,203.65
4564,2024-03-26 13:57:00,203.5,203.8,203.5,203.8
4565,2024-03-26 14:00:00,203.65,203.9,203.6,203.9
4566,2024-03-26 14:03:00,203.95,204.0,203.7,203.9
4567,2024-03-26 14:06:00,203.95,204.0,203.6,203.6
4568,2024-03-26 14:09:00,203.65,203.85,203.6,203.75
4569,2024-03-26 14:12:00,203.7,204.1,203.65,204.1
4570,2024-03-26 14:15:00,204.15,204.45,203.9,204.45
4571,2024-03-26 14:18:00,204.35,204.65,204.3,204.55
4572,2024-03-26 14:21:00,204.6,204.65,204.5,204.6
4573,2024-03-26 14:24:00,204.55,204.65,204.4,204.5
4574,2024-03-26 14:27:00,204.6,205.05,204.5,204.9
4575,2024-03-26 14:30:00,204.95,204.95,204.5,204.7
4576,2024-03-26 14:33:00,204.6,205.05,204.5,204.65
4577,2024-03-26 14:36:00,204.75,204.75,204.0,204.35
4578,2024-03-26 14:39:00,204.4,204.5,204.25,204.4
4579,2024-03-26 14:42:00,204.35,204.45,204.25,204.35
4580,2024-03-26 14:45:00,204.4,204.4,204.1,204.2
4581,2024-03-26 14:48:00,204.15,204.2,203.55,203.75
4582,2024-03-26 14:51:00,203.65,203.9,203.65,203.9
4583,2024-03-26 14:54:00,203.75,203.9,203.65,203.75
4584,2024-03-26 14:57:00,203.8,204.2,203.75,203.85
4585,2024-03-26 15:00:00,203.9,204.2,203.75,203.8
4586,2024-03-26 15:03:00,203.85,204.0,203.8,203.85
4587,2024-03-26 15:06:00,203.8,204.0,203.8,203.8
4588,2024-03-26 15:09:00,203.85,203.85,203.6,203.8
4589,2024-03-26 15:12:00,203.75,203.8,203.25,203.35
4590,2024-03-26 15:15:00,203.3,203.4,203.2,203.2
4591,2024-03-26 15:18:00,203.25,203.55,203.1,203.25
4592,2024-03-26 15:21:00,203.2,203.3,203.05,203.2
4593,2024-03-26 15:24:00,203.25,203.25,203.05,203.2
4594,2024-03-26 15:27:00,203.15,203.5,202.75,203.5
4595,2024-03-27 09:15:00,204.05,205.15,203.8,204.3
4596,2024-03-27 09:18:00,204.4,204.8,204.15,204.3
4597,2024-03-27 09:21:00,204.35,204.65,204.1,204.4
4598,2024-03-27 09:24:00,204.45,204.8,203.95,204.6
4599,2024-03-27 09:27:00,204.5,204.85,204.15,204.35
4600,2024-03-27 09:30:00,204.4,204.55,204.1,204.25
4601,2024-03-27 09:33:00,204.3,204.7,204.25,204.6
4602,2024-03-27 09:36:00,204.55,205.0,204.45,204.75
4603,2024-03-27 09:39:00,204.8,204.85,204.6,204.6
4604,2024-03-27 09:42:00,204.5,204.65,204.4,204.5
4605,2024-03-27 09:45:00,204.45,204.7,204.4,204.55
4606,2024-03-27 09:48:00,204.6,204.6,203.7,203.75
4607,2024-03-27 09:51:00,203.8,203.9,203.1,203.2
4608,2024-03-27 09:54:00,203.1,203.45,202.9,203.45
4609,2024-03-27 09:57:00,203.35,203.6,203.25,203.6
4610,2024-03-27 10:00:00,203.5,203.7,203.2,203.25
4611,2024-03-27 10:03:00,203.35,203.45,203.2,203.3
4612,2024-03-27 10:06:00,203.4,203.4,203.05,203.1
4613,2024-03-27 10:09:00,203.2,203.2,202.65,203.0
4614,2024-03-27 10:12:00,202.95,203.15,202.95,203.15
4615,2024-03-27 10:15:00,203.1,203.2,203.05,203.1
4616,2024-03-27 10:18:00,203.05,203.4,202.95,203.4
4617,2024-03-27 10:21:00,203.3,203.45,203.0,203.2
4618,2024-03-27 10:24:00,203.1,203.2,202.75,203.0
4619,2024-03-27 10:27:00,202.95,202.95,202.5,202.5
4620,2024-03-27 10:30:00,202.6,202.85,202.5,202.85
4621,2024-03-27 10:33:00,202.8,202.95,202.8,202.9
4622,2024-03-27 10:36:00,202.85,203.05,202.85,203.0
4623,2024-03-27 10:39:00,203.05,203.05,202.6,202.65
4624,2024-03-27 10:42:00,202.7,202.95,202.65,202.7
4625,2024-03-27 10:45:00,202.65,203.35,202.65,203.1
4626,2024-03-27 10:48:00,203.2,203.25,203.0,203.0
4627,2024-03-27 10:51:00,203.05,203.05,202.8,202.85
4628,2024-03-27 10:54:00,202.8,202.95,202.75,202.85
4629,2024-03-27 10:57:00,202.8,202.9,202.7,202.75
4630,2024-03-27 11:00:00,202.8,202.9,202.75,202.8
4631,2024-03-27 11:03:00,202.85,202.9,202.35,202.4
4632,2024-03-27 11:06:00,202.35,202.4,202.25,202.35
4633,2024-03-27 11:09:00,202.4,202.45,201.85,201.9
4634,2024-03-27 11:12:00,201.95,202.25,201.85,202.2
4635,2024-03-27 11:15:00,202.15,202.35,201.85,201.85
4636,2024-03-27 11:18:00,201.9,202.05,201.8,202.05
4637,2024-03-27 11:21:00,202.0,202.15,201.85,202.0
4638,2024-03-27 11:24:00,202.1,202.15,201.95,202.0
4639,2024-03-27 11:27:00,201.95,202.0,201.7,201.75
4640,2024-03-27 11:30:00,201.85,201.85,201.6,201.7
4641,2024-03-27 11:33:00,201.65,202.0,201.65,201.75
4642,2024-03-27 11:36:00,201.8,201.8,201.2,201.3
4643,2024-03-27 11:39:00,201.45,201.55,201.3,201.55
4644,2024-03-27 11:42:00,201.5,201.6,201.25,201.4
4645,2024-03-27 11:45:00,201.35,201.45,201.1,201.2
4646,2024-03-27 11:48:00,201.3,201.5,201.2,201.45
4647,2024-03-27 11:51:00,201.4,201.75,201.35,201.6
4648,2024-03-27 11:54:00,201.65,201.75,201.5,201.65
4649,2024-03-27 11:57:00,201.55,201.65,201.45,201.5
4650,2024-03-27 12:00:00,201.55,201.6,201.35,201.4
4651,2024-03-27 12:03:00,201.5,201.55,201.2,201.3
4652,2024-03-27 12:06:00,201.25,201.3,201.15,201.25
4653,2024-03-27 12:09:00,201.2,201.3,201.05,201.1
4654,2024-03-27 12:12:00,201.15,201.3,201.05,201.25
4655,2024-03-27 12:15:00,201.2,201.55,201.2,201.5
4656,2024-03-27 12:18:00,201.55,201.55,201.3,201.35
4657,2024-03-27 12:21:00,201.3,201.35,201.0,201.1
4658,2024-03-27 12:24:00,201.15,201.15,201.0,201.1
4659,2024-03-27 12:27:00,201.0,201.15,201.0,201.0
4660,2024-03-27 12:30:00,201.05,201.35,200.95,201.25
4661,2024-03-27 12:33:00,201.2,201.3,201.05,201.2
4662,2024-03-27 12:36:00,201.15,201.35,201.0,201.05
4663,2024-03-27 12:39:00,201.0,201.2,200.5,200.65
4664,2024-03-27 12:42:00,200.6,201.0,200.6,200.9
4665,2024-03-27 12:45:00,200.8,201.2,200.75,201.15
4666,2024-03-27 12:48:00,201.1,201.3,201.1,201.2
4667,2024-03-27 12:51:00,201.15,201.4,200.95,201.05
4668,2024-03-27 12:54:00,201.0,201.4,201.0,201.3
4669,2024-03-27 12:57:00,201.4,201.75,201.3,201.35
4670,2024-03-27 13:00:00,201.5,201.65,201.4,201.4
4671,2024-03-27 13:03:00,201.45,201.5,201.2,201.3
4672,2024-03-27 13:06:00,201.4,201.5,201.1,201.25
4673,2024-03-27 13:09:00,201.15,201.25,201.1,201.25
4674,2024-03-27 13:12:00,201.2,201.25,201.05,201.25
4675,2024-03-27 13:15:00,201.2,201.3,201.0,201.0
4676,2024-03-27 13:18:00,200.95,201.2,200.9,201.15
4677,2024-03-27 13:21:00,201.1,201.45,201.05,201.35
4678,2024-03-27 13:24:00,201.3,201.5,201.25,201.4
4679,2024-03-27 13:27:00,201.45,201.6,201.4,201.4
4680,2024-03-27 13:30:00,201.45,201.45,201.15,201.25
4681,2024-03-27 13:33:00,201.2,201.3,201.0,201.2
4682,2024-03-27 13:36:00,201.25,201.75,201.15,201.7
4683,2024-03-27 13:39:00,201.65,201.9,201.6,201.85
4684,2024-03-27 13:42:00,201.8,201.9,201.6,201.8
4685,2024-03-27 13:45:00,201.85,201.9,201.7,201.8
4686,2024-03-27 13:48:00,201.9,202.15,201.8,201.85
4687,2024-03-27 13:51:00,201.95,201.95,201.75,201.75
4688,2024-03-27 13:54:00,201.7,202.0,201.7,201.95
4689,2024-03-27 13:57:00,201.9,202.0,201.75,201.9
4690,2024-03-27 14:00:00,201.95,201.95,201.65,201.65
4691,2024-03-27 14:03:00,201.7,201.75,201.55,201.6
4692,2024-03-27 14:06:00,201.7,201.85,201.6,201.8
4693,2024-03-27 14:09:00,201.75,201.85,201.55,201.8
4694,2024-03-27 14:12:00,201.85,201.85,201.7,201.7
4695,2024-03-27 14:15:00,201.8,201.8,201.5,201.5
4696,2024-03-27 14:18:00,201.55,201.55,201.3,201.45
4697,2024-03-27 14:21:00,201.4,201.45,201.15,201.2
4698,2024-03-27 14:24:00,201.3,201.4,201.05,201.25
4699,2024-03-27 14:27:00,201.2,201.4,201.0,201.15
4700,2024-03-27 14:30:00,201.2,201.3,200.8,200.8
4701,2024-03-27 14:33:00,200.85,200.85,200.5,200.6
4702,2024-03-27 14:36:00,200.65,200.75,200.35,200.6
4703,2024-03-27 14:39:00,200.65,200.9,200.55,200.85
4704,2024-03-27 14:42:00,200.9,200.95,200.1,200.2
4705,2024-03-27 14:45:00,200.25,200.45,200.0,200.25
4706,2024-03-27 14:48:00,200.2,200.5,200.15,200.25
4707,2024-03-27 14:51:00,200.3,200.3,199.55,199.65
4708,2024-03-27 14:54:00,199.6,200.0,199.5,199.75
4709,2024-03-27 14:57:00,199.85,199.85,199.6,199.6
4710,2024-03-27 15:00:00,199.65,199.65,198.85,199.0
4711,2024-03-27 15:03:00,198.95,199.2,198.85,198.9
4712,2024-03-27 15:06:00,198.85,198.9,198.5,198.55
4713,2024-03-27 15:09:00,198.6,199.2,198.55,199.15
4714,2024-03-27 15:12:00,199.2,199.45,199.1,199.35
4715,2024-03-27 15:15:00,199.2,199.35,198.95,199.0
4716,2024-03-27 15:18:00,198.95,199.25,198.75,198.8
4717,2024-03-27 15:21:00,198.85,199.25,198.75,198.95
4718,2024-03-27 15:24:00,198.9,199.45,198.8,199.45
4719,2024-03-27 15:27:00,199.4,199.6,199.1,199.6
4720,2024-03-28 09:15:00,200.8,202.2,200.05,201.75
4721,2024-03-28 09:18:00,201.8,201.8,201.25,201.4
4722,2024-03-28 09:21:00,201.5,201.8,201.05,201.65
4723,2024-03-28 09:24:00,201.6,201.9,201.55,201.8
4724,2024-03-28 09:27:00,201.75,202.85,201.75,202.4
4725,2024-03-28 09:30:00,202.35,202.45,202.0,202.15
4726,2024-03-28 09:33:00,202.1,202.5,202.1,202.4
4727,2024-03-28 09:36:00,202.5,203.0,202.4,202.7
4728,2024-03-28 09:39:00,202.65,202.8,201.95,202.0
4729,2024-03-28 09:42:00,202.05,202.35,201.95,202.3
4730,2024-03-28 09:45:00,202.25,202.8,202.0,202.7
4731,2024-03-28 09:48:00,202.6,202.75,202.45,202.65
4732,2024-03-28 09:51:00,202.55,202.7,202.55,202.7
4733,2024-03-28 09:54:00,202.65,202.8,202.6,202.75
4734,2024-03-28 09:57:00,202.65,202.75,202.55,202.6
4735,2024-03-28 10:00:00,202.55,202.6,202.35,202.4
4736,2024-03-28 10:03:00,202.35,202.55,202.15,202.35
4737,2024-03-28 10:06:00,202.4,202.6,202.4,202.5
4738,2024-03-28 10:09:00,202.45,202.5,202.1,202.35
4739,2024-03-28 10:12:00,202.25,202.4,202.2,202.25
4740,2024-03-28 10:15:00,202.2,202.4,202.15,202.4
4741,2024-03-28 10:18:00,202.35,202.45,202.3,202.35
4742,2024-03-28 10:21:00,202.3,202.4,202.2,202.2
4743,2024-03-28 10:24:00,202.25,202.25,201.7,201.75
4744,2024-03-28 10:27:00,201.7,201.8,201.5,201.65
4745,2024-03-28 10:30:00,201.8,201.85,201.65,201.65
4746,2024-03-28 10:33:00,201.75,201.9,201.6,201.9
4747,2024-03-28 10:36:00,201.85,202.05,201.8,202.05
4748,2024-03-28 10:39:00,202.0,202.2,201.95,202.1
4749,2024-03-28 10:42:00,202.2,202.2,201.75,201.85
4750,2024-03-28 10:45:00,201.9,202.15,201.8,202.05
4751,2024-03-28 10:48:00,202.1,202.3,202.0,202.15
4752,2024-03-28 10:51:00,202.2,202.2,201.95,202.0
4753,2024-03-28 10:54:00,202.05,202.15,201.95,201.95
4754,2024-03-28 10:57:00,202.05,202.3,201.95,202.1
4755,2024-03-28 11:00:00,202.15,202.2,202.0,202.0
4756,2024-03-28 11:03:00,201.95,202.15,201.85,202.1
4757,2024-03-28 11:06:00,202.15,202.25,202.05,202.1
4758,2024-03-28 11:09:00,202.05,202.2,202.0,202.2
4759,2024-03-28 11:12:00,202.1,202.2,202.05,202.2
4760,2024-03-28 11:15:00,202.15,202.65,202.1,202.5
4761,2024-03-28 11:18:00,202.45,202.7,202.45,202.65
4762,2024-03-28 11:21:00,202.55,202.6,202.0,202.35
4763,2024-03-28 11:24:00,202.25,202.35,202.15,202.2
4764,2024-03-28 11:27:00,202.25,202.25,202.05,202.1
4765,2024-03-28 11:30:00,202.15,202.15,202.05,202.1
4766,2024-03-28 11:33:00,202.15,202.2,201.95,202.0
4767,2024-03-28 11:36:00,201.95,202.0,201.75,201.75
4768,2024-03-28 11:39:00,201.8,201.85,201.65,201.8
4769,2024-03-28 11:42:00,201.85,201.9,201.75,201.85
4770,2024-03-28 11:45:00,201.8,202.0,201.8,201.8
4771,2024-03-28 11:48:00,201.85,201.9,201.8,201.8
4772,2024-03-28 11:51:00,201.85,202.0,201.8,202.0
4773,2024-03-28 11:54:00,201.95,202.0,201.85,201.95
4774,2024-03-28 11:57:00,201.9,201.95,201.8,201.85
4775,2024-03-28 12:00:00,201.9,201.95,201.85,201.95
4776,2024-03-28 12:03:00,201.9,201.95,201.65,201.7
4777,2024-03-28 12:06:00,201.65,201.95,201.55,201.8
4778,2024-03-28 12:09:00,201.75,201.8,201.65,201.75
4779,2024-03-28 12:12:00,201.7,201.95,201.65,201.8
4780,2024-03-28 12:15:00,201.85,201.9,201.7,201.7
4781,2024-03-28 12:18:00,201.8,202.0,201.7,201.95
4782,2024-03-28 12:21:00,202.0,202.3,201.9,202.1
4783,2024-03-28 12:24:00,202.15,202.3,202.05,202.2
4784,2024-03-28 12:27:00,202.25,202.3,202.2,202.3
4785,2024-03-28 12:30:00,202.35,202.5,202.3,202.4
4786,2024-03-28 12:33:00,202.45,202.55,202.4,202.4
4787,2024-03-28 12:36:00,202.5,202.5,202.4,202.45
4788,2024-03-28 12:39:00,202.5,202.65,202.45,202.65
4789,2024-03-28 12:42:00,202.6,202.75,202.6,202.7
4790,2024-03-28 12:45:00,202.75,202.9,202.7,202.8
4791,2024-03-28 12:48:00,202.85,202.9,202.75,202.85
4792,2024-03-28 12:51:00,202.8,202.8,202.4,202.5
4793,2024-03-28 12:54:00,202.6,202.8,202.5,202.7
4794,2024-03-28 12:57:00,202.75,202.75,202.5,202.7
4795,2024-03-28 13:00:00,202.65,202.95,202.5,202.95
4796,2024-03-28 13:03:00,203.0,203.6,203.0,203.55
4797,2024-03-28 13:06:00,203.5,203.55,203.2,203.3
4798,2024-03-28 13:09:00,203.4,203.5,203.3,203.45
4799,2024-03-28 13:12:00,203.35,203.45,203.25,203.25
4800,2024-03-28 13:15:00,203.35,203.45,203.0,203.0
4801,2024-03-28 13:18:00,202.9,203.1,202.75,202.85
4802,2024-03-28 13:21:00,202.95,203.2,202.85,203.1
4803,2024-03-28 13:24:00,203.0,203.1,202.9,203.0
4804,2024-03-28 13:27:00,202.9,203.0,202.7,202.7
4805,2024-03-28 13:30:00,202.75,203.0,202.7,202.85
4806,2024-03-28 13:33:00,202.9,203.2,202.8,203.15
4807,2024-03-28 13:36:00,203.1,203.35,202.95,203.15
4808,2024-03-28 13:39:00,203.2,203.35,203.05,203.25
4809,2024-03-28 13:42:00,203.2,203.6,203.2,203.6
4810,2024-03-28 13:45:00,203.55,203.6,203.5,203.5
4811,2024-03-28 13:48:00,203.6,203.65,203.0,203.15
4812,2024-03-28 13:51:00,203.1,203.25,203.1,203.15
4813,2024-03-28 13:54:00,203.1,203.1,202.85,202.95
4814,2024-03-28 13:57:00,202.9,203.0,202.85,202.9
4815,2024-03-28 14:00:00,202.85,203.2,202.85,203.2
4816,2024-03-28 14:03:00,203.15,203.25,203.05,203.15
4817,2024-03-28 14:06:00,203.2,203.3,203.15,203.2
4818,2024-03-28 14:09:00,203.15,203.25,203.1,203.25
4819,2024-03-28 14:12:00,203.2,203.3,202.9,203.25
4820,2024-03-28 14:15:00,203.3,203.3,203.15,203.2
4821,2024-03-28 14:18:00,203.15,203.2,203.05,203.05
4822,2024-03-28 14:21:00,203.1,203.15,202.8,202.85
4823,2024-03-28 14:24:00,202.8,203.05,202.5,203.0
4824,2024-03-28 14:27:00,203.15,203.25,203.0,203.0
4825,2024-03-28 14:30:00,202.95,203.0,202.45,202.5
4826,2024-03-28 14:33:00,202.45,202.8,202.4,202.8
4827,2024-03-28 14:36:00,202.85,203.0,202.8,202.95
4828,2024-03-28 14:39:00,202.9,203.0,202.85,202.95
4829,2024-03-28 14:42:00,202.9,203.0,202.85,202.95
4830,2024-03-28 14:45:00,202.9,202.9,202.6,202.7
4831,2024-03-28 14:48:00,202.6,202.65,202.35,202.35
4832,2024-03-28 14:51:00,202.45,202.75,202.35,202.6
4833,2024-03-28 14:54:00,202.55,202.6,202.1,202.1
4834,2024-03-28 14:57:00,202.05,202.3,202.0,202.1
4835,2024-03-28 15:00:00,202.05,202.15,201.5,201.55
4836,2024-03-28 15:03:00,201.5,201.85,201.35,201.85
4837,2024-03-28 15:06:00,201.75,202.05,201.55,201.6
4838,2024-03-28 15:09:00,201.55,201.7,201.45,201.7
4839,2024-03-28 15:12:00,201.65,201.85,201.55,201.65
4840,2024-03-28 15:15:00,201.75,201.95,201.6,201.7
4841,2024-03-28 15:18:00,201.75,201.8,201.5,201.6
4842,2024-03-28 15:21:00,201.65,202.05,201.55,202.05
4843,2024-03-28 15:24:00,202.0,202.05,201.6,202.0
4844,2024-03-28 15:27:00,201.95,204.8,201.7,204.8
4845,2024-04-01 09:15:00,204.6,206.0,203.5,204.9
4846,2024-04-01 09:18:00,204.95,205.4,204.35,204.35
4847,2024-04-01 09:21:00,204.3,204.95,203.9,204.5
4848,2024-04-01 09:24:00,204.4,205.65,204.3,205.4
4849,2024-04-01 09:27:00,205.45,207.7,205.45,207.7
4850,2024-04-01 09:30:00,207.6,207.6,206.7,207.6
4851,2024-04-01 09:33:00,207.55,208.85,207.15,208.5
4852,2024-04-01 09:36:00,208.4,208.95,208.0,208.65
4853,2024-04-01 09:39:00,208.6,208.85,208.2,208.3
4854,2024-04-01 09:42:00,208.2,208.5,207.4,208.45
4855,2024-04-01 09:45:00,208.5,208.65,207.9,208.0
4856,2024-04-01 09:48:00,207.9,208.15,207.6,207.7
4857,2024-04-01 09:51:00,207.75,207.85,207.4,207.6
4858,2024-04-01 09:54:00,207.5,208.2,207.45,208.05
4859,2024-04-01 09:57:00,208.15,208.65,208.0,208.6
4860,2024-04-01 10:00:00,208.55,209.7,208.55,209.5
4861,2024-04-01 10:03:00,209.4,209.8,209.3,209.7
4862,2024-04-01 10:06:00,209.75,209.9,209.55,209.9
4863,2024-04-01 10:09:00,209.75,210.4,209.6,210.35
4864,2024-04-01 10:12:00,210.25,210.45,210.0,210.2
4865,2024-04-01 10:15:00,210.05,211.25,210.05,211.25
4866,2024-04-01 10:18:00,211.1,211.85,210.8,211.1
4867,2024-04-01 10:21:00,211.05,211.15,210.3,210.85
4868,2024-04-01 10:24:00,210.9,211.3,210.7,211.2
4869,2024-04-01 10:27:00,211.25,211.9,211.1,211.65
4870,2024-04-01 10:30:00,211.7,211.75,211.15,211.2
4871,2024-04-01 10:33:00,211.3,211.45,211.0,211.3
4872,2024-04-01 10:36:00,211.4,211.5,210.5,210.55
4873,2024-04-01 10:39:00,210.7,210.7,210.2,210.2
4874,2024-04-01 10:42:00,210.25,210.3,209.7,210.0
4875,2024-04-01 10:45:00,209.95,210.3,209.65,209.85
4876,2024-04-01 10:48:00,209.75,210.1,209.7,210.05
4877,2024-04-01 10:51:00,210.0,210.1,209.8,209.85
4878,2024-04-01 10:54:00,209.95,209.95,209.15,209.15
4879,2024-04-01 10:57:00,209.2,209.5,209.1,209.3
4880,2024-04-01 11:00:00,209.4,210.3,209.3,210.3
4881,2024-04-01 11:03:00,210.2,210.75,210.2,210.75
4882,2024-04-01 11:06:00,210.55,210.85,209.7,210.05
4883,2024-04-01 11:09:00,209.9,210.4,209.75,210.4
4884,2024-04-01 11:12:00,210.3,210.65,210.0,210.15
4885,2024-04-01 11:15:00,210.2,210.35,209.9,210.0
4886,2024-04-01 11:18:00,209.95,210.0,209.5,209.65
4887,2024-04-01 11:21:00,209.7,210.25,209.65,210.05
4888,2024-04-01 11:24:00,210.0,210.1,209.7,209.85
4889,2024-04-01 11:27:00,209.9,210.0,209.75,209.9
4890,2024-04-01 11:30:00,209.8,209.95,209.25,209.3
4891,2024-04-01 11:33:00,209.25,209.5,209.25,209.35
4892,2024-04-01 11:36:00,209.5,209.8,209.35,209.65
4893,2024-04-01 11:39:00,209.8,210.0,209.55,209.95
4894,2024-04-01 11:42:00,209.85,210.1,209.6,209.75
4895,2024-04-01 11:45:00,209.9,210.7,209.75,210.25
4896,2024-04-01 11:48:00,210.35,210.4,209.95,209.95
4897,2024-04-01 11:51:00,210.0,210.1,209.5,209.6
4898,2024-04-01 11:54:00,209.5,209.85,209.35,209.7
4899,2024-04-01 11:57:00,209.65,209.7,209.4,209.5
4900,2024-04-01 12:00:00,209.55,209.75,209.5,209.65
4901,2024-04-01 12:03:00,209.7,210.25,209.65,210.15
4902,2024-04-01 12:06:00,210.2,210.4,210.05,210.2
4903,2024-04-01 12:09:00,210.05,210.35,210.0,210.0
4904,2024-04-01 12:12:00,210.05,210.05,209.5,209.6
4905,2024-04-01 12:15:00,209.55,209.9,209.55,209.75
4906,2024-04-01 12:18:00,209.6,210.05,209.6,209.9
4907,2024-04-01 12:21:00,210.05,210.1,209.55,210.05
4908,2024-04-01 12:24:00,210.0,210.5,210.0,210.1
4909,2024-04-01 12:27:00,210.05,210.15,209.7,209.85
4910,2024-04-01 12:30:00,209.75,210.1,209.75,209.75
4911,2024-04-01 12:33:00,209.85,210.05,209.7,209.95
4912,2024-04-01 12:36:00,209.85,210.45,209.85,210.45
4913,2024-04-01 12:39:00,210.4,211.2,210.35,211.2
4914,2024-04-01 12:42:00,211.15,211.7,211.1,211.5
4915,2024-04-01 12:45:00,211.6,211.85,211.05,211.3
4916,2024-04-01 12:48:00,211.2,211.5,211.2,211.4
4917,2024-04-01 12:51:00,211.45,211.45,210.8,211.0
4918,2024-04-01 12:54:00,210.9,211.05,210.35,210.45
4919,2024-04-01 12:57:00,210.5,210.8,210.3,210.65
4920,2024-04-01 13:00:00,210.6,211.45,210.55,211.35
4921,2024-04-01 13:03:00,211.4,211.55,210.9,211.05
4922,2024-04-01 13:06:00,211.2,211.2,210.7,211.0
4923,2024-04-01 13:09:00,210.95,211.45,210.95,211.3
4924,2024-04-01 13:12:00,211.4,211.6,211.15,211.6
4925,2024-04-01 13:15:00,211.5,211.7,211.3,211.45
4926,2024-04-01 13:18:00,211.5,211.95,211.4,211.95
4927,2024-04-01 13:21:00,211.9,211.95,211.3,211.3
4928,2024-04-01 13:24:00,211.45,211.75,211.2,211.35
4929,2024-04-01 13:27:00,211.2,211.5,211.2,211.3
4930,2024-04-01 13:30:00,211.45,211.8,211.35,211.6
4931,2024-04-01 13:33:00,211.55,211.9,211.5,211.9
4932,2024-04-01 13:36:00,211.85,212.35,211.75,211.9
4933,2024-04-01 13:39:00,211.8,212.3,211.75,212.3
4934,2024-04-01 13:42:00,212.25,212.35,212.0,212.15
4935,2024-04-01 13:45:00,212.2,212.2,211.6,211.95
4936,2024-04-01 13:48:00,212.0,212.15,211.8,212.05
4937,2024-04-01 13:51:00,212.15,212.2,211.8,212.0
4938,2024-04-01 13:54:00,212.05,212.4,211.9,212.3
4939,2024-04-01 13:57:00,212.35,212.7,212.3,212.5
4940,2024-04-01 14:00:00,212.45,212.75,212.4,212.65
4941,2024-04-01 14:03:00,212.85,213.2,212.7,212.95
4942,2024-04-01 14:06:00,212.9,213.0,212.6,212.7
4943,2024-04-01 14:09:00,212.6,212.75,212.3,212.4
4944,2024-04-01 14:12:00,212.35,212.6,212.05,212.1
4945,2024-04-01 14:15:00,212.05,212.3,212.05,212.05
4946,2024-04-01 14:18:00,212.1,212.6,212.1,212.6
4947,2024-04-01 14:21:00,212.5,212.95,212.35,212.45
4948,2024-04-01 14:24:00,212.55,212.6,212.3,212.5
4949,2024-04-01 14:27:00,212.6,212.85,212.5,212.75
4950,2024-04-01 14:30:00,212.7,212.75,212.55,212.6
4951,2024-04-01 14:33:00,212.55,212.7,212.35,212.65
4952,2024-04-01 14:36:00,212.55,212.85,212.5,212.75
4953,2024-04-01 14:39:00,212.8,213.1,212.55,212.9
4954,2024-04-01 14:42:00,212.8,213.0,211.3,211.75
4955,2024-04-01 14:45:00,211.8,212.35,211.5,211.95
4956,2024-04-01 14:48:00,212.05,212.1,211.75,211.9
4957,2024-04-01 14:51:00,212.0,212.0,211.65,211.9
4958,2024-04-01 14:54:00,211.95,212.9,211.85,212.85
4959,2024-04-01 14:57:00,212.9,212.95,212.3,212.55
4960,2024-04-01 15:00:00,212.6,212.7,212.3,212.55
4961,2024-04-01 15:03:00,212.5,212.6,212.0,212.15
4962,2024-04-01 15:06:00,212.05,212.45,212.05,212.45
4963,2024-04-01 15:09:00,212.4,212.65,212.3,212.6
4964,2024-04-01 15:12:00,212.65,212.8,212.35,212.75
4965,2024-04-01 15:15:00,212.7,212.9,212.55,212.8
4966,2024-04-01 15:18:00,212.85,212.9,212.55,212.55
4967,2024-04-01 15:21:00,212.6,212.85,212.6,212.8
4968,2024-04-01 15:24:00,212.85,212.85,212.5,212.7
4969,2024-04-01 15:27:00,212.65,212.7,212.0,212.0
4970,2024-04-02 09:15:00,211.2,212.9,210.1,212.3
4971,2024-04-02 09:18:00,212.25,212.5,210.9,210.95
4972,2024-04-02 09:21:00,210.9,211.0,210.35,210.65
4973,2024-04-02 09:24:00,210.6,212.5,210.6,212.45
4974,2024-04-02 09:27:00,212.35,212.9,212.35,212.9
4975,2024-04-02 09:30:00,212.95,213.35,212.25,213.0
4976,2024-04-02 09:33:00,212.95,213.45,212.5,212.6
4977,2024-04-02 09:36:00,212.75,212.95,212.2,212.75
4978,2024-04-02 09:39:00,212.7,213.45,212.7,213.25
4979,2024-04-02 09:42:00,213.35,213.85,213.2,213.45
4980,2024-04-02 09:45:00,213.5,213.5,212.8,213.1
4981,2024-04-02 09:48:00,213.0,213.15,212.7,213.15
4982,2024-04-02 09:51:00,213.2,213.85,213.0,213.1
4983,2024-04-02 09:54:00,213.05,213.15,212.3,212.5
4984,2024-04-02 09:57:00,212.45,212.65,211.9,212.05
4985,2024-04-02 10:00:00,212.1,213.0,212.0,212.9
4986,2024-04-02 10:03:00,212.95,213.0,212.65,212.65
4987,2024-04-02 10:06:00,212.7,212.8,211.35,211.85
4988,2024-04-02 10:09:00,212.0,212.5,211.75,211.9
4989,2024-04-02 10:12:00,212.0,212.55,211.65,212.5
4990,2024-04-02 10:15:00,212.45,212.6,212.1,212.35
4991,2024-04-02 10:18:00,212.25,212.4,211.7,212.0
4992,2024-04-02 10:21:00,212.05,212.4,211.55,211.55
4993,2024-04-02 10:24:00,211.65,211.65,211.05,211.1
4994,2024-04-02 10:27:00,211.2,211.55,210.8,211.55
4995,2024-04-02 10:30:00,211.65,211.65,210.95,211.0
4996,2024-04-02 10:33:00,210.9,211.5,210.9,211.4
4997,2024-04-02 10:36:00,211.45,211.45,211.05,211.2
4998,2024-04-02 10:39:00,211.05,212.15,211.0,212.1
4999,2024-04-02 10:42:00,212.15,212.15,211.75,212.1
5000,2024-04-02 10:45:00,212.05,212.2,211.7,212.0
5001,2024-04-02 10:48:00,211.95,212.2,211.95,212.1
5002,2024-04-02 10:51:00,212.0,212.2,211.8,211.95
5003,2024-04-02 10:54:00,211.9,211.95,211.35,211.7
5004,2024-04-02 10:57:00,211.6,212.0,211.6,211.95
5005,2024-04-02 11:00:00,211.9,211.9,211.35,211.7
5006,2024-04-02 11:03:00,211.6,212.15,211.6,212.0
5007,2024-04-02 11:06:00,212.1,212.4,211.95,212.4
5008,2024-04-02 11:09:00,212.35,212.45,212.25,212.35
5009,2024-04-02 11:12:00,212.25,212.3,211.95,212.0
5010,2024-04-02 11:15:00,212.1,212.2,211.9,212.0
5011,2024-04-02 11:18:00,211.95,212.2,211.8,211.9
5012,2024-04-02 11:21:00,211.7,212.0,211.7,212.0
5013,2024-04-02 11:24:00,211.95,212.5,211.9,212.4
5014,2024-04-02 11:27:00,212.45,212.9,212.45,212.7
5015,2024-04-02 11:30:00,212.75,213.0,212.6,212.9
5016,2024-04-02 11:33:00,212.95,212.95,212.6,212.65
5017,2024-04-02 11:36:00,212.6,212.65,212.2,212.55
5018,2024-04-02 11:39:00,212.45,212.55,212.15,212.25
5019,2024-04-02 11:42:00,212.2,212.3,211.75,211.8
5020,2024-04-02 11:45:00,211.85,212.05,211.85,212.0
5021,2024-04-02 11:48:00,211.95,212.2,211.95,212.2
5022,2024-04-02 11:51:00,212.25,212.35,211.8,211.8
5023,2024-04-02 11:54:00,211.85,211.85,211.45,211.7
5024,2024-04-02 11:57:00,211.55,211.7,211.55,211.65
5025,2024-04-02 12:00:00,211.6,211.7,210.9,211.0
5026,2024-04-02 12:03:00,211.1,211.55,210.95,211.55
5027,2024-04-02 12:06:00,211.5,211.65,211.2,211.4
5028,2024-04-02 12:09:00,211.35,211.55,211.25,211.25
5029,2024-04-02 12:12:00,211.4,211.6,211.3,211.55
5030,2024-04-02 12:15:00,211.45,211.8,211.3,211.45
5031,2024-04-02 12:18:00,211.4,211.65,211.4,211.55
5032,2024-04-02 12:21:00,211.5,211.8,211.5,211.65
5033,2024-04-02 12:24:00,211.7,211.75,211.6,211.6
5034,2024-04-02 12:27:00,211.7,211.8,211.6,211.6
5035,2024-04-02 12:30:00,211.65,211.8,211.5,211.75
5036,2024-04-02 12:33:00,211.65,211.8,211.55,211.75
5037,2024-04-02 12:36:00,211.7,211.95,211.7,211.9
5038,2024-04-02 12:39:00,211.8,212.1,211.8,211.95
5039,2024-04-02 12:42:00,211.9,212.1,211.85,212.0
5040,2024-04-02 12:45:00,212.05,212.15,211.9,212.05
5041,2024-04-02 12:48:00,212.0,212.2,211.95,212.15
5042,2024-04-02 12:51:00,212.1,212.5,212.1,212.25
5043,2024-04-02 12:54:00,212.2,212.4,212.05,212.1
5044,2024-04-02 12:57:00,212.15,212.25,211.75,211.95
5045,2024-04-02 13:00:00,211.85,212.0,211.85,212.0
5046,2024-04-02 13:03:00,211.95,212.0,211.75,211.85
5047,2024-04-02 13:06:00,211.8,211.8,211.5,211.6
5048,2024-04-02 13:09:00,211.55,211.85,211.4,211.75
5049,2024-04-02 13:12:00,211.6,212.0,211.55,211.7
5050,2024-04-02 13:15:00,211.55,211.95,211.5,211.65
5051,2024-04-02 13:18:00,211.5,211.85,211.35,211.8
5052,2024-04-02 13:21:00,211.7,213.0,211.7,212.55
5053,2024-04-02 13:24:00,212.45,212.75,212.4,212.75
5054,2024-04-02 13:27:00,212.7,214.9,212.6,214.7
5055,2024-04-02 13:30:00,214.75,215.2,214.4,214.75
5056,2024-04-02 13:33:00,214.65,216.0,214.65,215.95
5057,2024-04-02 13:36:00,215.85,216.5,215.65,216.2
5058,2024-04-02 13:39:00,216.25,216.55,215.65,215.75
5059,2024-04-02 13:42:00,215.7,215.75,215.25,215.45
5060,2024-04-02 13:45:00,215.4,215.95,215.05,215.45
5061,2024-04-02 13:48:00,215.4,215.8,215.15,215.25
5062,2024-04-02 13:51:00,215.35,215.65,215.1,215.6
5063,2024-04-02 13:54:00,215.55,215.9,215.0,215.35
5064,2024-04-02 13:57:00,215.3,215.6,215.0,215.0
5065,2024-04-02 14:00:00,214.85,215.55,214.8,215.1
5066,2024-04-02 14:03:00,215.05,215.4,214.8,215.3
5067,2024-04-02 14:06:00,215.25,215.45,214.55,215.4
5068,2024-04-02 14:09:00,215.5,215.8,215.3,215.75
5069,2024-04-02 14:12:00,215.7,215.8,215.35,215.5
5070,2024-04-02 14:15:00,215.4,215.65,215.2,215.35
5071,2024-04-02 14:18:00,215.5,215.5,214.75,214.8
5072,2024-04-02 14:21:00,214.75,215.0,214.6,214.85
5073,2024-04-02 14:24:00,215.0,215.0,214.25,214.45
5074,2024-04-02 14:27:00,214.5,215.0,214.45,214.8
5075,2024-04-02 14:30:00,214.75,215.0,214.7,215.0
5076,2024-04-02 14:33:00,214.9,215.2,214.8,215.2
5077,2024-04-02 14:36:00,215.1,215.1,214.85,215.05
5078,2024-04-02 14:39:00,215.0,215.1,214.8,214.9
5079,2024-04-02 14:42:00,215.0,215.3,214.9,215.15
5080,2024-04-02 14:45:00,215.25,215.45,215.2,215.45
5081,2024-04-02 14:48:00,215.4,215.75,215.35,215.65
5082,2024-04-02 14:51:00,215.55,215.7,215.45,215.65
5083,2024-04-02 14:54:00,215.75,215.85,215.6,215.75
5084,2024-04-02 14:57:00,215.6,215.85,215.6,215.85
5085,2024-04-02 15:00:00,215.8,216.0,215.8,215.9
5086,2024-04-02 15:03:00,216.0,216.45,215.9,216.2
5087,2024-04-02 15:06:00,216.15,216.2,215.7,215.7
5088,2024-04-02 15:09:00,215.8,215.8,215.5,215.55
5089,2024-04-02 15:12:00,215.65,215.9,215.55,215.7
5090,2024-04-02 15:15:00,215.65,215.65,215.4,215.55
5091,2024-04-02 15:18:00,215.5,215.75,215.5,215.7
5092,2024-04-02 15:21:00,215.75,215.75,215.55,215.65
5093,2024-04-02 15:24:00,215.6,215.6,215.25,215.3
5094,2024-04-02 15:27:00,215.45,215.7,215.2,215.7
5095,2024-04-03 09:15:00,215.05,216.35,214.4,215.65
5096,2024-04-03 09:18:00,215.6,217.4,215.45,216.95
5097,2024-04-03 09:21:00,216.9,217.25,216.5,217.2
5098,2024-04-03 09:24:00,217.3,218.35,217.15,218.25
5099,2024-04-03 09:27:00,218.2,218.5,217.85,217.85
5100,2024-04-03 09:30:00,217.8,218.7,217.65,218.7
5101,2024-04-03 09:33:00,218.65,219.25,218.55,218.85
5102,2024-04-03 09:36:00,218.9,219.95,218.75,219.9
5103,2024-04-03 09:39:00,219.85,220.1,218.75,218.8
5104,2024-04-03 09:42:00,218.75,219.0,218.05,218.35
5105,2024-04-03 09:45:00,218.2,219.9,218.1,219.75
5106,2024-04-03 09:48:00,219.8,219.9,219.6,219.6
5107,2024-04-03 09:51:00,219.7,220.6,219.4,220.5
5108,2024-04-03 09:54:00,220.6,220.75,219.7,219.75
5109,2024-04-03 09:57:00,219.8,219.8,219.2,219.4
5110,2024-04-03 10:00:00,219.55,219.95,219.45,219.65
5111,2024-04-03 10:03:00,219.6,219.9,219.3,219.6
5112,2024-04-03 10:06:00,219.75,219.8,219.1,219.3
5113,2024-04-03 10:09:00,219.25,219.3,218.7,218.7
5114,2024-04-03 10:12:00,218.75,219.15,218.6,218.85
5115,2024-04-03 10:15:00,218.95,218.95,218.0,218.1
5116,2024-04-03 10:18:00,218.0,218.25,217.45,217.7
5117,2024-04-03 10:21:00,217.8,218.25,217.7,217.9
5118,2024-04-03 10:24:00,217.95,218.0,217.55,217.6
5119,2024-04-03 10:27:00,217.55,217.6,217.05,217.45
5120,2024-04-03 10:30:00,217.3,217.5,217.05,217.4
5121,2024-04-03 10:33:00,217.35,217.5,217.25,217.4
5122,2024-04-03 10:36:00,217.35,217.5,217.3,217.5
5123,2024-04-03 10:39:00,217.45,218.35,217.45,218.25
5124,2024-04-03 10:42:00,218.3,218.6,218.0,218.5
5125,2024-04-03 10:45:00,218.45,218.55,217.7,217.85
5126,2024-04-03 10:48:00,217.8,217.9,217.7,217.7
5127,2024-04-03 10:51:00,217.65,217.95,217.5,217.95
5128,2024-04-03 10:54:00,217.8,218.15,217.8,218.15
5129,2024-04-03 10:57:00,218.1,218.6,217.85,218.6
5130,2024-04-03 11:00:00,218.5,218.95,218.5,218.6
5131,2024-04-03 11:03:00,218.5,218.65,218.35,218.55
5132,2024-04-03 11:06:00,218.5,218.55,218.05,218.15
5133,2024-04-03 11:09:00,218.1,218.45,218.0,218.3
5134,2024-04-03 11:12:00,218.4,218.45,218.25,218.35
5135,2024-04-03 11:15:00,218.3,218.65,218.3,218.6
5136,2024-04-03 11:18:00,218.65,218.8,218.5,218.65
5137,2024-04-03 11:21:00,218.6,218.75,218.55,218.7
5138,2024-04-03 11:24:00,218.8,218.85,218.6,218.75
5139,2024-04-03 11:27:00,218.55,218.85,218.55,218.85
5140,2024-04-03 11:30:00,218.75,218.85,218.55,218.6
5141,2024-04-03 11:33:00,218.5,218.6,218.4,218.45
5142,2024-04-03 11:36:00,218.5,218.5,218.25,218.35
5143,2024-04-03 11:39:00,218.4,218.55,218.15,218.5
5144,2024-04-03 11:42:00,218.4,218.5,218.2,218.35
5145,2024-04-03 11:45:00,218.3,218.4,218.15,218.25
5146,2024-04-03 11:48:00,218.2,218.8,218.2,218.8
5147,2024-04-03 11:51:00,218.7,218.8,218.5,218.65
5148,2024-04-03 11:54:00,218.7,218.75,218.5,218.65
5149,2024-04-03 11:57:00,218.55,218.65,218.55,218.65
5150,2024-04-03 12:00:00,218.55,218.65,218.2,218.2
5151,2024-04-03 12:03:00,218.35,218.45,218.25,218.45
5152,2024-04-03 12:06:00,218.4,218.45,218.3,218.35
5153,2024-04-03 12:09:00,218.3,218.5,218.25,218.45
5154,2024-04-03 12:12:00,218.4,218.5,218.4,218.5
5155,2024-04-03 12:15:00,218.45,218.7,218.45,218.65
5156,2024-04-03 12:18:00,218.6,218.85,218.6,218.85
5157,2024-04-03 12:21:00,218.8,219.0,218.8,218.95
5158,2024-04-03 12:24:00,218.9,218.95,218.8,218.9
5159,2024-04-03 12:27:00,218.85,219.6,218.8,219.5
5160,2024-04-03 12:30:00,219.45,219.55,218.9,219.05
5161,2024-04-03 12:33:00,219.0,219.4,219.0,219.2
5162,2024-04-03 12:36:00,219.3,219.35,219.15,219.3
5163,2024-04-03 12:39:00,219.25,219.35,219.2,219.25
5164,2024-04-03 12:42:00,219.35,219.4,219.1,219.25
5165,2024-04-03 12:45:00,219.15,219.3,219.1,219.3
5166,2024-04-03 12:48:00,219.25,219.35,219.1,219.1
5167,2024-04-03 12:51:00,219.3,219.3,219.05,219.2
5168,2024-04-03 12:54:00,219.15,219.3,219.1,219.3
5169,2024-04-03 12:57:00,219.25,219.3,219.25,219.3
5170,2024-04-03 13:00:00,219.25,219.3,219.15,219.25
5171,2024-04-03 13:03:00,219.15,219.3,219.1,219.2
5172,2024-04-03 13:06:00,219.15,219.25,218.8,218.95
5173,2024-04-03 13:09:00,219.0,219.1,218.9,219.05
5174,2024-04-03 13:12:00,219.0,219.05,218.65,218.7
5175,2024-04-03 13:15:00,218.6,218.95,218.6,218.9
5176,2024-04-03 13:18:00,218.85,218.95,218.8,218.95
5177,2024-04-03 13:21:00,218.8,219.0,218.8,219.0
5178,2024-04-03 13:24:00,218.9,218.95,218.65,218.65
5179,2024-04-03 13:27:00,218.75,218.95,218.7,218.95
5180,2024-04-03 13:30:00,218.85,218.9,218.75,218.9
5181,2024-04-03 13:33:00,218.85,218.95,218.8,218.95
5182,2024-04-03 13:36:00,218.8,219.05,218.8,219.05
5183,2024-04-03 13:39:00,219.0,219.15,218.75,218.95
5184,2024-04-03 13:42:00,218.9,218.9,218.5,218.6
5185,2024-04-03 13:45:00,218.55,218.7,218.45,218.65
5186,2024-04-03 13:48:00,218.7,218.8,218.6,218.8
5187,2024-04-03 13:51:00,218.85,218.85,218.65,218.75
5188,2024-04-03 13:54:00,218.7,218.85,218.5,218.65
5189,2024-04-03 13:57:00,218.55,219.0,218.5,218.7
5190,2024-04-03 14:00:00,218.65,218.7,218.1,218.25
5191,2024-04-03 14:03:00,218.2,218.65,218.2,218.6
5192,2024-04-03 14:06:00,218.65,218.65,218.0,218.1
5193,2024-04-03 14:09:00,218.15,218.45,218.05,218.2
5194,2024-04-03 14:12:00,218.15,218.45,218.1,218.3
5195,2024-04-03 14:15:00,218.35,218.65,218.3,218.5
5196,2024-04-03 14:18:00,218.55,218.65,218.45,218.5
5197,2024-04-03 14:21:00,218.55,218.75,218.5,218.65
5198,2024-04-03 14:24:00,218.75,218.75,218.6,218.7
5199,2024-04-03 14:27:00,218.75,218.75,218.45,218.6
5200,2024-04-03 14:30:00,218.55,218.7,218.2,218.35
5201,2024-04-03 14:33:00,218.3,218.35,218.0,218.2
5202,2024-04-03 14:36:00,218.25,218.4,218.0,218.15
5203,2024-04-03 14:39:00,218.05,218.25,218.05,218.1
5204,2024-04-03 14:42:00,218.25,218.35,218.05,218.25
5205,2024-04-03 14:45:00,218.15,218.3,218.1,218.3
5206,2024-04-03 14:48:00,218.5,218.5,218.25,218.3
5207,2024-04-03 14:51:00,218.25,218.35,217.95,218.1
5208,2024-04-03 14:54:00,218.05,218.15,217.6,217.6
5209,2024-04-03 14:57:00,217.65,218.05,217.5,217.95
5210,2024-04-03 15:00:00,218.0,218.35,217.6,217.75
5211,2024-04-03 15:03:00,217.7,217.95,217.6,217.65
5212,2024-04-03 15:06:00,217.6,217.7,217.5,217.7
5213,2024-04-03 15:09:00,217.65,217.95,217.65,217.8
5214,2024-04-03 15:12:00,217.85,217.85,217.5,217.5
5215,2024-04-03 15:15:00,217.6,217.75,217.3,217.65
5216,2024-04-03 15:18:00,217.7,217.85,217.4,217.75
5217,2024-04-03 15:21:00,217.7,217.75,217.55,217.7
5218,2024-04-03 15:24:00,217.8,217.85,217.55,217.85
5219,2024-04-03 15:27:00,217.8,220.45,217.7,220.45
5220,2024-04-04 09:15:00,220.2,220.7,219.45,220.2
5221,2024-04-04 09:18:00,220.35,220.35,219.05,219.05
5222,2024-04-04 09:21:00,218.9,219.2,218.55,218.9
5223,2024-04-04 09:24:00,218.85,219.2,218.8,219.0
5224,2024-04-04 09:27:00,218.85,219.0,217.85,218.2
5225,2024-04-04 09:30:00,218.1,218.2,215.7,216.0
5226,2024-04-04 09:33:00,215.9,216.75,215.3,216.45
5227,2024-04-04 09:36:00,216.3,217.05,216.15,216.4
5228,2024-04-04 09:39:00,216.5,216.85,216.4,216.7
5229,2024-04-04 09:42:00,216.75,216.75,216.15,216.15
5230,2024-04-04 09:45:00,216.1,216.7,216.0,216.55
5231,2024-04-04 09:48:00,216.5,216.85,216.0,216.1
5232,2024-04-04 09:51:00,216.0,216.15,215.5,215.55
5233,2024-04-04 09:54:00,215.6,215.8,215.3,215.75
5234,2024-04-04 09:57:00,215.8,216.3,215.65,215.7
5235,2024-04-04 10:00:00,215.65,216.25,215.65,216.0
5236,2024-04-04 10:03:00,216.1,216.45,216.0,216.3
5237,2024-04-04 10:06:00,216.45,216.8,216.25,216.45
5238,2024-04-04 10:09:00,216.4,216.5,216.2,216.4
5239,2024-04-04 10:12:00,216.45,216.45,215.75,215.85
5240,2024-04-04 10:15:00,215.75,216.5,215.75,216.45
5241,2024-04-04 10:18:00,216.4,216.7,216.35,216.6
5242,2024-04-04 10:21:00,216.75,216.75,216.05,216.2
5243,2024-04-04 10:24:00,216.3,216.4,216.1,216.3
5244,2024-04-04 10:27:00,216.25,216.35,216.1,216.2
5245,2024-04-04 10:30:00,216.25,216.35,216.15,216.3
5246,2024-04-04 10:33:00,216.25,216.35,215.75,215.8
5247,2024-04-04 10:36:00,215.85,216.0,215.7,215.75
5248,2024-04-04 10:39:00,215.8,215.95,215.7,215.85
5249,2024-04-04 10:42:00,215.95,216.05,215.55,215.55
5250,2024-04-04 10:45:00,215.5,215.75,215.4,215.6
5251,2024-04-04 10:48:00,215.5,215.7,215.5,215.6
5252,2024-04-04 10:51:00,215.55,215.7,214.7,214.9
5253,2024-04-04 10:54:00,214.8,215.05,214.35,214.9
5254,2024-04-04 10:57:00,215.0,215.5,214.85,215.5
5255,2024-04-04 11:00:00,215.4,215.5,214.7,214.7
5256,2024-04-04 11:03:00,214.8,215.1,214.7,214.75
5257,2024-04-04 11:06:00,214.8,215.35,214.5,215.25
5258,2024-04-04 11:09:00,215.2,215.25,214.45,214.45
5259,2024-04-04 11:12:00,214.5,215.2,214.0,215.0
5260,2024-04-04 11:15:00,215.05,215.2,214.8,215.05
5261,2024-04-04 11:18:00,215.0,215.1,214.7,214.9
5262,2024-04-04 11:21:00,215.0,215.35,214.9,215.05
5263,2024-04-04 11:24:00,215.1,215.3,214.85,214.95
5264,2024-04-04 11:27:00,215.05,215.3,215.0,215.25
5265,2024-04-04 11:30:00,215.2,215.25,215.0,215.2
5266,2024-04-04 11:33:00,215.1,215.2,214.85,215.0
5267,2024-04-04 11:36:00,215.1,215.6,215.05,215.4
5268,2024-04-04 11:39:00,215.45,215.45,215.0,215.15
5269,2024-04-04 11:42:00,215.05,215.15,214.6,214.6
5270,2024-04-04 11:45:00,214.7,214.8,214.6,214.7
5271,2024-04-04 11:48:00,214.65,214.8,214.6,214.7
5272,2024-04-04 11:51:00,214.65,214.7,213.6,213.95
5273,2024-04-04 11:54:00,213.9,214.05,213.75,214.0
5274,2024-04-04 11:57:00,213.95,214.2,213.8,213.9
5275,2024-04-04 12:00:00,213.8,213.9,213.35,213.7
5276,2024-04-04 12:03:00,213.65,213.8,213.0,213.2
5277,2024-04-04 12:06:00,213.25,213.85,213.2,213.7
5278,2024-04-04 12:09:00,213.65,213.75,213.15,213.75
5279,2024-04-04 12:12:00,213.85,213.9,213.25,213.25
5280,2024-04-04 12:15:00,213.4,213.4,213.05,213.25
5281,2024-04-04 12:18:00,213.35,213.8,213.1,213.75
5282,2024-04-04 12:21:00,213.65,213.7,213.15,213.3
5283,2024-04-04 12:24:00,213.2,213.45,213.0,213.4
5284,2024-04-04 12:27:00,213.45,213.8,213.45,213.7
5285,2024-04-04 12:30:00,213.75,214.0,213.65,213.95
5286,2024-04-04 12:33:00,213.85,214.0,213.8,214.0
5287,2024-04-04 12:36:00,213.9,214.55,213.9,214.45
5288,2024-04-04 12:39:00,214.35,214.85,214.35,214.75
5289,2024-04-04 12:42:00,214.8,215.5,214.8,215.45
5290,2024-04-04 12:45:00,215.5,215.8,215.45,215.55
5291,2024-04-04 12:48:00,215.6,215.75,215.45,215.7
5292,2024-04-04 12:51:00,215.65,215.85,215.6,215.65
5293,2024-04-04 12:54:00,215.75,215.85,215.45,215.75
5294,2024-04-04 12:57:00,215.7,215.75,215.1,215.4
5295,2024-04-04 13:00:00,215.45,215.75,215.4,215.75
5296,2024-04-04 13:03:00,215.65,215.75,215.4,215.4
5297,2024-04-04 13:06:00,215.45,215.7,215.4,215.55
5298,2024-04-04 13:09:00,215.5,215.7,215.5,215.6
5299,2024-04-04 13:12:00,215.65,215.65,215.5,215.6
5300,2024-04-04 13:15:00,215.55,215.65,215.5,215.65
5301,2024-04-04 13:18:00,215.75,215.85,215.5,215.55
5302,2024-04-04 13:21:00,215.7,215.85,215.6,215.85
5303,2024-04-04 13:24:00,215.95,216.05,215.8,215.95
5304,2024-04-04 13:27:00,216.0,216.2,215.95,216.1
5305,2024-04-04 13:30:00,216.05,216.2,215.95,216.1
5306,2024-04-04 13:33:00,216.15,216.2,216.0,216.05
5307,2024-04-04 13:36:00,216.1,216.5,216.0,216.5
5308,2024-04-04 13:39:00,216.4,216.5,216.0,216.0
5309,2024-04-04 13:42:00,216.05,216.05,215.75,215.8
5310,2024-04-04 13:45:00,215.9,215.95,215.5,215.6
5311,2024-04-04 13:48:00,215.7,215.9,215.6,215.75
5312,2024-04-04 13:51:00,215.7,215.7,215.25,215.6
5313,2024-04-04 13:54:00,215.55,215.75,215.45,215.7
5314,2024-04-04 13:57:00,215.8,215.8,215.45,215.6
5315,2024-04-04 14:00:00,215.55,216.15,215.55,216.1
5316,2024-04-04 14:03:00,216.2,216.2,215.9,216.1
5317,2024-04-04 14:06:00,216.15,216.15,215.7,215.8
5318,2024-04-04 14:09:00,215.85,215.9,215.55,215.6
5319,2024-04-04 14:12:00,215.65,215.9,215.55,215.9
5320,2024-04-04 14:15:00,215.85,216.0,215.7,215.95
5321,2024-04-04 14:18:00,215.85,216.05,215.75,215.8
5322,2024-04-04 14:21:00,215.95,216.1,215.8,216.1
5323,2024-04-04 14:24:00,216.05,216.1,215.7,215.7
5324,2024-04-04 14:27:00,215.8,216.0,215.7,216.0
5325,2024-04-04 14:30:00,215.95,216.15,215.95,216.15
5326,2024-04-04 14:33:00,216.1,216.15,215.9,216.0
5327,2024-04-04 14:36:00,216.05,216.1,215.9,216.05
5328,2024-04-04 14:39:00,216.0,216.35,215.85,216.3
5329,2024-04-04 14:42:00,216.25,216.3,216.05,216.15
5330,2024-04-04 14:45:00,216.1,216.95,216.05,216.9
5331,2024-04-04 14:48:00,216.95,216.95,216.55,216.65
5332,2024-04-04 14:51:00,216.75,216.8,216.4,216.75
5333,2024-04-04 14:54:00,216.65,216.75,216.25,216.45
5334,2024-04-04 14:57:00,216.5,216.5,216.2,216.3
5335,2024-04-04 15:00:00,216.25,216.35,215.95,216.35
5336,2024-04-04 15:03:00,216.25,216.4,215.9,216.1
5337,2024-04-04 15:06:00,216.25,216.5,216.2,216.35
5338,2024-04-04 15:09:00,216.4,216.6,216.3,216.35
5339,2024-04-04 15:12:00,216.4,216.4,216.2,216.35
5340,2024-04-04 15:15:00,216.3,217.0,216.25,216.8
5341,2024-04-04 15:18:00,216.85,217.05,216.55,217.05
5342,2024-04-04 15:21:00,217.0,217.4,217.0,217.3
5343,2024-04-04 15:24:00,217.25,217.5,217.15,217.5
5344,2024-04-04 15:27:00,217.45,217.8,216.7,216.7
5345,2024-04-05 09:15:00,216.5,216.5,215.2,215.7
5346,2024-04-05 09:18:00,215.9,215.9,214.35,214.8
5347,2024-04-05 09:21:00,215.0,215.7,214.75,215.1
5348,2024-04-05 09:24:00,215.2,216.6,215.0,215.9
5349,2024-04-05 09:27:00,215.85,216.2,215.5,216.05
5350,2024-04-05 09:30:00,216.1,216.25,215.7,215.75
5351,2024-04-05 09:33:00,215.8,215.95,215.4,215.6
5352,2024-04-05 09:36:00,215.55,215.55,214.35,214.35
5353,2024-04-05 09:39:00,214.4,215.15,214.1,214.2
5354,2024-04-05 09:42:00,214.15,215.0,214.15,214.75
5355,2024-04-05 09:45:00,214.8,215.05,214.45,215.0
5356,2024-04-05 09:48:00,214.95,215.5,214.85,215.0
5357,2024-04-05 09:51:00,214.95,215.5,214.95,215.3
5358,2024-04-05 09:54:00,215.25,215.25,214.9,215.1
5359,2024-04-05 09:57:00,215.0,215.5,214.95,215.5
5360,2024-04-05 10:00:00,215.4,215.55,215.0,215.55
5361,2024-04-05 10:03:00,215.45,215.7,215.2,215.3
5362,2024-04-05 10:06:00,215.4,215.45,215.05,215.3
5363,2024-04-05 10:09:00,215.2,215.7,215.05,215.65
5364,2024-04-05 10:12:00,215.7,216.55,215.55,216.05
5365,2024-04-05 10:15:00,216.0,216.35,215.9,216.25
5366,2024-04-05 10:18:00,216.2,216.5,216.0,216.2
5367,2024-04-05 10:21:00,216.4,217.3,216.3,217.15
5368,2024-04-05 10:24:00,217.1,217.8,216.9,217.65
5369,2024-04-05 10:27:00,217.8,218.5,217.7,218.35
5370,2024-04-05 10:30:00,218.45,218.45,217.7,217.7
5371,2024-04-05 10:33:00,217.8,217.8,217.3,217.4
5372,2024-04-05 10:36:00,217.35,217.75,217.0,217.55
5373,2024-04-05 10:39:00,217.65,217.65,217.25,217.5
5374,2024-04-05 10:42:00,217.4,217.65,217.25,217.5
5375,2024-04-05 10:45:00,217.55,217.9,217.55,217.55
5376,2024-04-05 10:48:00,217.7,217.7,217.5,217.65
5377,2024-04-05 10:51:00,217.7,217.8,217.6,217.75
5378,2024-04-05 10:54:00,217.7,218.2,217.7,217.9
5379,2024-04-05 10:57:00,217.85,218.0,217.8,218.0
5380,2024-04-05 11:00:00,217.95,218.2,217.8,218.2
5381,2024-04-05 11:03:00,218.15,218.25,217.6,217.9
5382,2024-04-05 11:06:00,217.75,217.95,217.5,217.65
5383,2024-04-05 11:09:00,217.6,218.15,217.6,218.0
5384,2024-04-05 11:12:00,218.05,218.3,217.9,218.2
5385,2024-04-05 11:15:00,218.05,218.3,218.05,218.25
5386,2024-04-05 11:18:00,218.1,218.3,217.9,218.0
5387,2024-04-05 11:21:00,217.95,218.05,217.3,217.8
5388,2024-04-05 11:24:00,217.75,217.9,217.6,217.7
5389,2024-04-05 11:27:00,217.75,217.9,217.7,217.8
5390,2024-04-05 11:30:00,217.85,218.0,217.65,217.95
5391,2024-04-05 11:33:00,218.0,218.1,217.55,217.55
5392,2024-04-05 11:36:00,217.6,217.9,217.25,217.9
5393,2024-04-05 11:39:00,217.85,217.85,217.5,217.6
5394,2024-04-05 11:42:00,217.65,218.0,217.5,217.7
5395,2024-04-05 11:45:00,217.8,217.8,217.25,217.6
5396,2024-04-05 11:48:00,217.45,217.6,217.45,217.5
5397,2024-04-05 11:51:00,217.55,218.05,217.5,218.05
5398,2024-04-05 11:54:00,218.0,218.2,217.95,218.15
5399,2024-04-05 11:57:00,218.0,218.1,217.7,217.75
5400,2024-04-05 12:00:00,217.8,217.8,217.5,217.6
5401,2024-04-05 12:03:00,217.75,217.95,217.6,217.8
5402,2024-04-05 12:06:00,217.9,218.0,217.75,218.0
5403,2024-04-05 12:09:00,217.95,218.2,217.85,217.95
5404,2024-04-05 12:12:00,217.9,218.1,217.85,218.0
5405,2024-04-05 12:15:00,217.95,218.1,217.8,218.05
5406,2024-04-05 12:18:00,218.1,218.15,217.55,217.6
5407,2024-04-05 12:21:00,217.55,217.95,217.55,217.95
5408,2024-04-05 12:24:00,217.8,217.8,217.6,217.8
5409,2024-04-05 12:27:00,217.75,217.9,217.65,217.75
5410,2024-04-05 12:30:00,217.7,217.95,217.5,217.95
5411,2024-04-05 12:33:00,217.85,218.5,217.85,218.35
5412,2024-04-05 12:36:00,218.4,218.5,218.15,218.2
5413,2024-04-05 12:39:00,218.3,218.3,218.05,218.3
5414,2024-04-05 12:42:00,218.25,218.25,218.05,218.1
5415,2024-04-05 12:45:00,218.15,218.25,217.95,218.25
5416,2024-04-05 12:48:00,218.3,219.0,218.2,219.0
5417,2024-04-05 12:51:00,218.95,219.55,218.85,219.55
5418,2024-04-05 12:54:00,219.5,219.7,218.85,219.2
5419,2024-04-05 12:57:00,219.15,219.25,218.75,218.8
5420,2024-04-05 13:00:00,218.85,218.9,218.05,218.05
5421,2024-04-05 13:03:00,218.15,218.4,217.75,218.3
5422,2024-04-05 13:06:00,218.25,218.3,217.8,217.9
5423,2024-04-05 13:09:00,217.95,218.2,217.9,218.0
5424,2024-04-05 13:12:00,218.15,218.3,217.75,218.0
5425,2024-04-05 13:15:00,217.95,218.3,217.9,218.2
5426,2024-04-05 13:18:00,218.25,218.3,218.1,218.3
5427,2024-04-05 13:21:00,218.2,218.35,218.15,218.25
5428,2024-04-05 13:24:00,218.3,218.35,218.05,218.2
5429,2024-04-05 13:27:00,218.15,218.2,218.0,218.15
5430,2024-04-05 13:30:00,218.25,218.45,218.2,218.3
5431,2024-04-05 13:33:00,218.35,218.35,218.0,218.15
5432,2024-04-05 13:36:00,218.05,218.3,218.05,218.1
5433,2024-04-05 13:39:00,218.05,218.15,217.75,218.05
5434,2024-04-05 13:42:00,217.9,218.2,217.85,217.95
5435,2024-04-05 13:45:00,217.9,218.0,217.8,218.0
5436,2024-04-05 13:48:00,217.95,218.05,217.75,217.75
5437,2024-04-05 13:51:00,217.8,218.35,217.75,218.3
5438,2024-04-05 13:54:00,218.25,218.3,218.05,218.25
5439,2024-04-05 13:57:00,218.2,218.3,217.9,217.95
5440,2024-04-05 14:00:00,218.0,218.15,217.8,218.05
5441,2024-04-05 14:03:00,218.15,218.55,218.1,218.45
5442,2024-04-05 14:06:00,218.5,218.5,218.15,218.2
5443,2024-04-05 14:09:00,218.25,218.25,217.95,218.05
5444,2024-04-05 14:12:00,218.0,218.2,217.9,218.15
5445,2024-04-05 14:15:00,218.2,218.25,218.0,218.15
5446,2024-04-05 14:18:00,218.05,218.25,217.95,218.05
5447,2024-04-05 14:21:00,217.95,218.1,217.85,217.9
5448,2024-04-05 14:24:00,217.85,217.9,217.65,217.8
5449,2024-04-05 14:27:00,217.7,218.0,217.7,217.85
5450,2024-04-05 14:30:00,217.9,218.2,217.85,218.15
5451,2024-04-05 14:33:00,218.1,218.15,217.9,218.0
5452,2024-04-05 14:36:00,217.9,218.0,217.6,217.8
5453,2024-04-05 14:39:00,217.75,217.9,217.7,217.75
5454,2024-04-05 14:42:00,217.8,217.85,217.6,217.85
5455,2024-04-05 14:45:00,217.75,217.85,217.7,217.8
5456,2024-04-05 14:48:00,217.85,217.85,217.65,217.7
5457,2024-04-05 14:51:00,217.65,217.8,217.6,217.75
5458,2024-04-05 14:54:00,217.8,217.8,217.55,217.55
5459,2024-04-05 14:57:00,217.65,217.95,217.55,217.65
5460,2024-04-05 15:00:00,217.6,218.1,217.55,218.05
5461,2024-04-05 15:03:00,218.1,218.1,217.8,217.85
5462,2024-04-05 15:06:00,217.9,218.1,217.8,218.0
5463,2024-04-05 15:09:00,217.95,218.1,217.85,218.0
5464,2024-04-05 15:12:00,218.05,218.15,217.9,218.05
5465,2024-04-05 15:15:00,218.1,218.2,217.85,217.95
5466,2024-04-05 15:18:00,217.9,218.1,217.7,217.95
5467,2024-04-05 15:21:00,217.9,218.0,217.85,217.95
5468,2024-04-05 15:24:00,217.9,218.0,217.75,217.9
5469,2024-04-05 15:27:00,217.8,219.65,217.7,219.65
5470,2024-04-08 09:15:00,220.0,220.0,218.55,218.95
5471,2024-04-08 09:18:00,218.85,218.9,217.8,217.8
5472,2024-04-08 09:21:00,217.85,218.3,217.75,218.2
5473,2024-04-08 09:24:00,218.1,219.75,218.1,219.5
5474,2024-04-08 09:27:00,219.6,219.75,218.75,219.05
5475,2024-04-08 09:30:00,219.0,219.05,218.0,218.1
5476,2024-04-08 09:33:00,218.0,218.55,218.0,218.3
5477,2024-04-08 09:36:00,218.2,219.0,218.15,218.4
5478,2024-04-08 09:39:00,218.35,218.4,218.0,218.1
5479,2024-04-08 09:42:00,218.0,218.25,217.35,218.15
5480,2024-04-08 09:45:00,218.2,218.25,217.25,217.35
5481,2024-04-08 09:48:00,217.2,217.7,217.15,217.3
5482,2024-04-08 09:51:00,217.25,218.05,217.15,217.95
5483,2024-04-08 09:54:00,217.9,217.95,217.6,217.9
5484,2024-04-08 09:57:00,217.95,218.0,217.3,217.4
5485,2024-04-08 10:00:00,217.35,218.2,217.3,218.05
5486,2024-04-08 10:03:00,218.0,218.2,217.7,217.9
5487,2024-04-08 10:06:00,217.8,218.5,217.8,218.45
5488,2024-04-08 10:09:00,218.5,219.1,218.45,219.05
5489,2024-04-08 10:12:00,218.95,219.3,218.95,219.15
5490,2024-04-08 10:15:00,219.2,219.5,219.2,219.2
5491,2024-04-08 10:18:00,219.25,219.45,219.2,219.2
5492,2024-04-08 10:21:00,219.25,219.4,219.2,219.3
5493,2024-04-08 10:24:00,219.45,219.85,219.1,219.5
5494,2024-04-08 10:27:00,219.55,219.6,219.5,219.55
5495,2024-04-08 10:30:00,219.5,219.65,219.5,219.5
5496,2024-04-08 10:33:00,219.55,219.8,219.5,219.55
5497,2024-04-08 10:36:00,219.6,219.75,219.5,219.55
5498,2024-04-08 10:39:00,219.6,219.75,219.25,219.35
5499,2024-04-08 10:42:00,219.25,219.4,219.2,219.35
5500,2024-04-08 10:45:00,219.4,219.4,219.2,219.4
5501,2024-04-08 10:48:00,219.35,219.5,219.25,219.35
5502,2024-04-08 10:51:00,219.3,219.8,219.3,219.8
5503,2024-04-08 10:54:00,219.75,219.85,219.75,219.85
5504,2024-04-08 10:57:00,219.75,219.8,219.7,219.75
5505,2024-04-08 11:00:00,219.8,219.8,219.55,219.55
5506,2024-04-08 11:03:00,219.6,220.25,219.55,220.25
5507,2024-04-08 11:06:00,220.3,220.65,220.1,220.55
5508,2024-04-08 11:09:00,220.6,221.3,220.35,221.15
5509,2024-04-08 11:12:00,221.25,222.2,221.0,222.2
5510,2024-04-08 11:15:00,222.1,222.9,222.1,222.8
5511,2024-04-08 11:18:00,222.75,222.8,222.35,222.5
5512,2024-04-08 11:21:00,222.65,222.65,222.25,222.3
5513,2024-04-08 11:24:00,222.4,222.4,222.05,222.15
5514,2024-04-08 11:27:00,222.2,222.2,221.6,221.85
5515,2024-04-08 11:30:00,221.8,222.0,221.55,221.95
5516,2024-04-08 11:33:00,221.9,222.15,221.6,222.1
5517,2024-04-08 11:36:00,222.2,222.25,222.0,222.1
5518,2024-04-08 11:39:00,222.05,222.15,222.0,222.15
5519,2024-04-08 11:42:00,222.05,222.65,222.05,222.55
5520,2024-04-08 11:45:00,222.5,222.55,222.2,222.2
5521,2024-04-08 11:48:00,222.25,222.35,222.0,222.25
5522,2024-04-08 11:51:00,222.2,222.3,222.0,222.2
5523,2024-04-08 11:54:00,222.15,222.2,222.0,222.15
5524,2024-04-08 11:57:00,222.1,222.2,221.55,221.8
5525,2024-04-08 12:00:00,221.7,221.7,221.35,221.35
5526,2024-04-08 12:03:00,221.45,221.45,221.1,221.35
5527,2024-04-08 12:06:00,221.3,221.3,220.9,221.2
5528,2024-04-08 12:09:00,221.15,221.4,221.0,221.3
5529,2024-04-08 12:12:00,221.25,221.25,221.05,221.1
5530,2024-04-08 12:15:00,221.05,221.3,221.05,221.3
5531,2024-04-08 12:18:00,221.25,221.3,220.95,221.0
5532,2024-04-08 12:21:00,220.95,221.15,220.9,221.05
5533,2024-04-08 12:24:00,220.95,221.3,220.8,221.3
5534,2024-04-08 12:27:00,221.2,221.35,221.2,221.3
5535,2024-04-08 12:30:00,221.25,221.35,221.2,221.25
5536,2024-04-08 12:33:00,221.2,221.5,221.2,221.35
5537,2024-04-08 12:36:00,221.3,221.35,221.1,221.15
5538,2024-04-08 12:39:00,221.2,221.5,221.1,221.3
5539,2024-04-08 12:42:00,221.25,221.35,221.2,221.2
5540,2024-04-08 12:45:00,221.25,221.25,221.05,221.2
5541,2024-04-08 12:48:00,221.05,221.2,220.95,221.05
5542,2024-04-08 12:51:00,221.1,221.1,220.95,221.1
5543,2024-04-08 12:54:00,221.05,221.25,221.0,221.15
5544,2024-04-08 12:57:00,221.1,221.25,221.05,221.1
5545,2024-04-08 13:00:00,221.15,221.25,221.1,221.25
5546,2024-04-08 13:03:00,221.2,221.25,220.75,220.75
5547,2024-04-08 13:06:00,220.8,221.0,220.65,220.75
5548,2024-04-08 13:09:00,220.8,220.9,220.7,220.9
5549,2024-04-08 13:12:00,220.85,220.95,220.85,220.95
5550,2024-04-08 13:15:00,220.9,221.1,220.9,221.0
5551,2024-04-08 13:18:00,220.95,221.05,220.85,220.9
5552,2024-04-08 13:21:00,220.85,220.9,220.75,220.85
5553,2024-04-08 13:24:00,220.8,220.95,220.5,220.65
5554,2024-04-08 13:27:00,220.7,220.7,219.65,219.85
5555,2024-04-08 13:30:00,219.8,220.3,219.75,219.85
5556,2024-04-08 13:33:00,220.0,220.3,219.9,220.15
5557,2024-04-08 13:36:00,220.2,220.65,220.15,220.65
5558,2024-04-08 13:39:00,220.5,220.7,220.5,220.65
5559,2024-04-08 13:42:00,220.6,220.95,220.6,220.9
5560,2024-04-08 13:45:00,220.8,221.2,220.8,220.95
5561,2024-04-08 13:48:00,221.0,221.0,220.75,220.85
5562,2024-04-08 13:51:00,220.8,220.85,220.25,220.35
5563,2024-04-08 13:54:00,220.25,220.45,220.25,220.3
5564,2024-04-08 13:57:00,220.35,220.5,220.15,220.35
5565,2024-04-08 14:00:00,220.3,220.4,219.85,220.35
5566,2024-04-08 14:03:00,220.3,220.4,220.15,220.35
5567,2024-04-08 14:06:00,220.3,220.5,220.25,220.5
5568,2024-04-08 14:09:00,220.4,221.75,220.1,221.75
5569,2024-04-08 14:12:00,222.0,222.05,220.8,221.75
5570,2024-04-08 14:15:00,221.9,222.5,221.8,222.3
5571,2024-04-08 14:18:00,222.2,222.4,222.05,222.2
5572,2024-04-08 14:21:00,222.3,222.9,222.1,222.9
5573,2024-04-08 14:24:00,222.85,223.3,222.7,222.8
5574,2024-04-08 14:27:00,222.95,223.15,222.6,223.05
5575,2024-04-08 14:30:00,223.1,223.45,223.0,223.45
5576,2024-04-08 14:33:00,223.35,224.3,222.95,224.05
5577,2024-04-08 14:36:00,224.0,225.15,224.0,224.45
5578,2024-04-08 14:39:00,224.4,224.85,224.05,224.25
5579,2024-04-08 14:42:00,224.05,224.3,224.0,224.05
5580,2024-04-08 14:45:00,224.1,224.25,223.45,223.9
5581,2024-04-08 14:48:00,223.85,223.9,223.6,223.75
5582,2024-04-08 14:51:00,223.8,224.5,223.8,224.4
5583,2024-04-08 14:54:00,224.5,224.5,223.8,224.15
5584,2024-04-08 14:57:00,224.05,224.5,224.05,224.45
5585,2024-04-08 15:00:00,224.5,224.5,223.85,224.25
5586,2024-04-08 15:03:00,224.2,224.65,224.15,224.4
5587,2024-04-08 15:06:00,224.35,224.55,223.65,223.7
5588,2024-04-08 15:09:00,223.75,224.15,223.55,224.05
5589,2024-04-08 15:12:00,224.0,224.1,223.8,223.95
5590,2024-04-08 15:15:00,223.85,224.0,223.6,223.75
5591,2024-04-08 15:18:00,223.7,224.35,223.65,224.2
5592,2024-04-08 15:21:00,224.15,224.2,223.9,224.05
5593,2024-04-08 15:24:00,224.0,224.15,223.9,224.1
5594,2024-04-08 15:27:00,224.05,224.25,224.0,224.2
5595,2024-04-09 09:15:00,224.6,225.25,223.65,223.85
5596,2024-04-09 09:18:00,223.95,224.8,223.7,224.1
5597,2024-04-09 09:21:00,224.05,224.45,223.45,224.45
5598,2024-04-09 09:24:00,224.35,224.8,223.9,224.55
5599,2024-04-09 09:27:00,224.5,224.9,224.3,224.6
5600,2024-04-09 09:30:00,224.7,224.7,224.2,224.35
5601,2024-04-09 09:33:00,224.3,224.45,223.75,223.85
5602,2024-04-09 09:36:00,223.9,224.5,223.9,224.5
5603,2024-04-09 09:39:00,224.45,225.75,224.3,225.75
5604,2024-04-09 09:42:00,225.65,226.0,225.45,226.0
5605,2024-04-09 09:45:00,226.05,226.25,225.7,226.15
5606,2024-04-09 09:48:00,226.05,227.15,226.05,227.1
5607,2024-04-09 09:51:00,227.05,227.2,226.75,227.1
5608,2024-04-09 09:54:00,227.2,227.4,226.9,227.3
5609,2024-04-09 09:57:00,227.25,228.7,227.1,228.3
5610,2024-04-09 10:00:00,228.35,228.45,227.9,228.0
5611,2024-04-09 10:03:00,228.05,228.1,227.45,227.55
5612,2024-04-09 10:06:00,227.65,227.85,227.3,227.55
5613,2024-04-09 10:09:00,227.65,227.7,227.1,227.1
5614,2024-04-09 10:12:00,227.05,227.4,226.4,226.8
5615,2024-04-09 10:15:00,226.85,227.0,226.35,226.35
5616,2024-04-09 10:18:00,226.4,226.95,226.05,226.8
5617,2024-04-09 10:21:00,226.75,227.4,226.7,227.3
5618,2024-04-09 10:24:00,227.35,227.4,226.7,227.0
5619,2024-04-09 10:27:00,227.1,227.55,226.9,227.5
5620,2024-04-09 10:30:00,227.55,227.65,227.0,227.65
5621,2024-04-09 10:33:00,227.5,227.6,227.2,227.5
5622,2024-04-09 10:36:00,227.35,227.5,226.9,227.2
5623,2024-04-09 10:39:00,227.1,227.2,225.85,226.25
5624,2024-04-09 10:42:00,226.15,226.65,226.05,226.65
5625,2024-04-09 10:45:00,226.55,226.75,226.05,226.25
5626,2024-04-09 10:48:00,226.2,226.85,226.05,226.8
5627,2024-04-09 10:51:00,226.75,227.0,226.5,226.65
5628,2024-04-09 10:54:00,226.55,226.75,226.45,226.65
5629,2024-04-09 10:57:00,226.6,226.8,226.4,226.45
5630,2024-04-09 11:00:00,226.35,226.55,225.85,226.5
5631,2024-04-09 11:03:00,226.4,226.95,226.35,226.9
5632,2024-04-09 11:06:00,226.95,226.95,226.6,226.6
5633,2024-04-09 11:09:00,226.7,226.7,226.25,226.25
5634,2024-04-09 11:12:00,226.35,226.4,225.95,226.0
5635,2024-04-09 11:15:00,226.05,226.7,225.95,226.35
5636,2024-04-09 11:18:00,226.4,226.6,226.3,226.5
5637,2024-04-09 11:21:00,226.55,226.75,226.4,226.7
5638,2024-04-09 11:24:00,226.75,227.15,226.75,226.95
5639,2024-04-09 11:27:00,226.9,227.1,226.7,226.8
5640,2024-04-09 11:30:00,226.7,227.9,226.7,227.8
5641,2024-04-09 11:33:00,227.9,227.9,227.25,227.25
5642,2024-04-09 11:36:00,227.35,227.45,227.0,227.1
5643,2024-04-09 11:39:00,227.15,227.25,226.85,227.0
5644,2024-04-09 11:42:00,226.95,227.2,226.9,227.2
5645,2024-04-09 11:45:00,227.1,227.25,226.8,226.85
5646,2024-04-09 11:48:00,227.0,227.1,226.85,226.95
5647,2024-04-09 11:51:00,227.0,227.0,226.6,226.8
5648,2024-04-09 11:54:00,226.7,226.95,226.6,226.9
5649,2024-04-09 11:57:00,226.75,227.2,226.75,227.1
5650,2024-04-09 12:00:00,227.0,227.3,227.0,227.25
5651,2024-04-09 12:03:00,227.3,227.4,227.05,227.1
5652,2024-04-09 12:06:00,227.05,227.25,227.0,227.1
5653,2024-04-09 12:09:00,227.05,228.2,227.05,228.05
5654,2024-04-09 12:12:00,228.15,228.5,227.8,228.3
5655,2024-04-09 12:15:00,228.35,228.5,228.2,228.35
5656,2024-04-09 12:18:00,228.25,228.8,228.15,228.5
5657,2024-04-09 12:21:00,228.4,228.5,227.85,227.95
5658,2024-04-09 12:24:00,227.9,228.4,227.75,228.2
5659,2024-04-09 12:27:00,228.15,228.25,227.9,227.95
5660,2024-04-09 12:30:00,228.05,228.15,227.7,227.75
5661,2024-04-09 12:33:00,227.8,227.8,227.0,227.0
5662,2024-04-09 12:36:00,226.95,227.3,226.65,226.8
5663,2024-04-09 12:39:00,226.75,226.95,226.45,226.95
5664,2024-04-09 12:42:00,226.85,227.35,226.75,227.15
5665,2024-04-09 12:45:00,227.05,227.6,227.0,227.5
5666,2024-04-09 12:48:00,227.45,227.85,227.3,227.8
5667,2024-04-09 12:51:00,227.85,227.85,227.55,227.8
5668,2024-04-09 12:54:00,227.85,228.2,227.65,228.0
5669,2024-04-09 12:57:00,228.1,228.3,228.0,228.3
5670,2024-04-09 13:00:00,228.25,228.35,227.75,227.75
5671,2024-04-09 13:03:00,227.9,228.1,227.85,227.95
5672,2024-04-09 13:06:00,227.9,228.1,227.7,227.9
5673,2024-04-09 13:09:00,228.0,229.1,227.85,228.05
5674,2024-04-09 13:12:00,228.1,228.2,227.15,227.15
5675,2024-04-09 13:15:00,227.1,227.2,226.85,227.05
5676,2024-04-09 13:18:00,227.1,227.2,226.65,226.9
5677,2024-04-09 13:21:00,226.8,227.15,226.5,226.95
5678,2024-04-09 13:24:00,226.9,227.15,226.75,227.05
5679,2024-04-09 13:27:00,227.15,227.95,227.15,227.6
5680,2024-04-09 13:30:00,227.7,227.7,226.75,226.85
5681,2024-04-09 13:33:00,226.75,226.85,226.15,226.2
5682,2024-04-09 13:36:00,226.35,227.0,226.35,226.7
5683,2024-04-09 13:39:00,226.6,226.65,226.25,226.55
5684,2024-04-09 13:42:00,226.65,226.75,226.25,226.25
5685,2024-04-09 13:45:00,226.2,226.6,226.1,226.3
5686,2024-04-09 13:48:00,226.15,226.35,226.0,226.0
5687,2024-04-09 13:51:00,225.95,226.5,225.7,226.3
5688,2024-04-09 13:54:00,226.2,226.5,225.9,225.95
5689,2024-04-09 13:57:00,226.0,226.6,226.0,226.55
5690,2024-04-09 14:00:00,226.6,226.85,226.5,226.65
5691,2024-04-09 14:03:00,226.75,226.85,226.05,226.3
5692,2024-04-09 14:06:00,226.25,226.5,225.8,225.95
5693,2024-04-09 14:09:00,225.9,226.35,225.8,226.25
5694,2024-04-09 14:12:00,226.35,226.35,225.65,225.7
5695,2024-04-09 14:15:00,225.75,226.45,225.5,226.3
5696,2024-04-09 14:18:00,226.45,226.7,226.15,226.6
5697,2024-04-09 14:21:00,226.7,227.2,226.6,227.2
5698,2024-04-09 14:24:00,227.1,227.5,227.1,227.45
5699,2024-04-09 14:27:00,227.4,227.6,227.25,227.35
5700,2024-04-09 14:30:00,227.45,228.25,226.9,228.1
5701,2024-04-09 14:33:00,228.3,228.55,227.95,228.4
5702,2024-04-09 14:36:00,228.35,228.4,227.25,227.25
5703,2024-04-09 14:39:00,227.3,227.6,227.3,227.4
5704,2024-04-09 14:42:00,227.45,227.85,227.35,227.85
5705,2024-04-09 14:45:00,227.75,228.0,227.75,227.95
5706,2024-04-09 14:48:00,227.9,228.4,227.8,228.4
5707,2024-04-09 14:51:00,228.35,228.45,227.9,228.0
5708,2024-04-09 14:54:00,228.15,228.15,227.65,228.1
5709,2024-04-09 14:57:00,228.05,228.45,228.0,228.3
5710,2024-04-09 15:00:00,228.35,228.35,227.8,227.95
5711,2024-04-09 15:03:00,227.9,228.1,227.7,228.1
5712,2024-04-09 15:06:00,228.05,228.25,227.8,228.25
5713,2024-04-09 15:09:00,228.3,228.45,228.05,228.35
5714,2024-04-09 15:12:00,228.3,228.35,228.05,228.15
5715,2024-04-09 15:15:00,228.2,228.2,227.85,228.1
5716,2024-04-09 15:18:00,228.05,228.15,227.85,227.95
5717,2024-04-09 15:21:00,227.9,228.0,227.6,227.8
5718,2024-04-09 15:24:00,227.85,228.0,227.7,228.0
5719,2024-04-09 15:27:00,227.95,228.0,227.6,227.85
5720,2024-04-10 09:15:00,230.4,230.65,229.0,230.45
5721,2024-04-10 09:18:00,230.65,231.3,230.3,230.75
5722,2024-04-10 09:21:00,230.4,233.15,230.0,232.45
5723,2024-04-10 09:24:00,232.3,233.1,232.15,232.75
5724,2024-04-10 09:27:00,232.9,233.95,232.7,233.25
5725,2024-04-10 09:30:00,233.2,234.8,233.2,234.75
5726,2024-04-10 09:33:00,234.8,235.8,234.55,234.65
5727,2024-04-10 09:36:00,234.8,235.3,234.05,235.1
5728,2024-04-10 09:39:00,235.15,236.25,235.0,235.8
5729,2024-04-10 09:42:00,235.7,238.05,235.55,237.85
5730,2024-04-10 09:45:00,237.8,240.2,237.75,239.65
5731,2024-04-10 09:48:00,239.5,240.2,239.0,239.65
5732,2024-04-10 09:51:00,239.6,240.7,238.8,238.8
5733,2024-04-10 09:54:00,239.05,239.85,238.7,239.35
5734,2024-04-10 09:57:00,239.2,240.15,238.9,239.05
5735,2024-04-10 10:00:00,239.0,239.5,238.6,238.9
5736,2024-04-10 10:03:00,239.0,239.9,238.8,239.7
5737,2024-04-10 10:06:00,239.6,240.05,239.1,239.4
5738,2024-04-10 10:09:00,239.5,241.0,239.25,241.0
5739,2024-04-10 10:12:00,241.15,242.5,240.85,241.9
5740,2024-04-10 10:15:00,241.65,242.5,241.0,242.05
5741,2024-04-10 10:18:00,242.2,243.0,241.6,241.8
5742,2024-04-10 10:21:00,241.75,242.2,241.55,241.75
5743,2024-04-10 10:24:00,241.7,242.0,241.3,241.35
5744,2024-04-10 10:27:00,241.3,241.45,240.55,240.75
5745,2024-04-10 10:30:00,240.9,242.1,240.75,241.6
5746,2024-04-10 10:33:00,241.7,242.3,241.5,241.7
5747,2024-04-10 10:36:00,241.8,242.65,241.65,241.95
5748,2024-04-10 10:39:00,242.1,242.65,241.9,242.35
5749,2024-04-10 10:42:00,242.3,242.65,241.9,242.1
5750,2024-04-10 10:45:00,242.05,242.25,241.9,242.0
5751,2024-04-10 10:48:00,241.95,242.15,241.3,241.65
5752,2024-04-10 10:51:00,241.6,242.1,241.4,241.55
5753,2024-04-10 10:54:00,241.6,242.2,241.3,241.6
5754,2024-04-10 10:57:00,241.75,241.75,241.1,241.35
5755,2024-04-10 11:00:00,241.3,242.4,241.25,241.9
5756,2024-04-10 11:03:00,241.85,241.9,241.4,241.9
5757,2024-04-10 11:06:00,241.8,242.4,241.8,242.25
5758,2024-04-10 11:09:00,242.4,242.75,241.65,241.65
5759,2024-04-10 11:12:00,241.8,241.8,240.9,240.95
5760,2024-04-10 11:15:00,240.85,241.25,240.8,240.9
5761,2024-04-10 11:18:00,240.95,240.95,239.4,239.85
5762,2024-04-10 11:21:00,239.7,239.85,239.0,239.4
5763,2024-04-10 11:24:00,239.35,239.8,239.15,239.45
5764,2024-04-10 11:27:00,239.5,239.7,239.25,239.7
5765,2024-04-10 11:30:00,239.65,239.75,239.35,239.45
5766,2024-04-10 11:33:00,239.6,239.9,239.35,239.9
5767,2024-04-10 11:36:00,239.8,240.25,239.75,240.25
5768,2024-04-10 11:39:00,240.2,240.25,239.55,240.2
5769,2024-04-10 11:42:00,240.1,240.55,240.05,240.1
5770,2024-04-10 11:45:00,240.05,240.45,239.8,240.45
5771,2024-04-10 11:48:00,240.4,240.65,240.3,240.45
5772,2024-04-10 11:51:00,240.3,241.9,240.2,241.8
5773,2024-04-10 11:54:00,241.75,242.25,241.3,241.6
5774,2024-04-10 11:57:00,241.5,242.3,241.45,242.05
5775,2024-04-10 12:00:00,242.15,242.7,242.0,242.3
5776,2024-04-10 12:03:00,242.4,242.6,242.3,242.5
5777,2024-04-10 12:06:00,242.4,242.95,242.35,242.5
5778,2024-04-10 12:09:00,242.35,242.5,242.0,242.2
5779,2024-04-10 12:12:00,242.15,242.4,241.8,241.85
5780,2024-04-10 12:15:00,241.9,242.2,241.85,242.1
5781,2024-04-10 12:18:00,242.15,242.7,242.05,242.65
5782,2024-04-10 12:21:00,242.7,242.8,242.15,242.3
5783,2024-04-10 12:24:00,242.15,242.65,242.15,242.6
5784,2024-04-10 12:27:00,242.65,242.8,242.35,242.75
5785,2024-04-10 12:30:00,242.7,242.8,242.45,242.8
5786,2024-04-10 12:33:00,242.65,242.8,242.05,242.45
5787,2024-04-10 12:36:00,242.3,243.3,242.2,242.95
5788,2024-04-10 12:39:00,243.0,243.8,242.75,243.55
5789,2024-04-10 12:42:00,243.5,243.5,243.05,243.05
5790,2024-04-10 12:45:00,243.2,243.9,243.0,243.85
5791,2024-04-10 12:48:00,243.8,244.2,243.5,243.85
5792,2024-04-10 12:51:00,243.8,243.9,243.2,243.55
5793,2024-04-10 12:54:00,243.45,243.75,242.9,243.15
5794,2024-04-10 12:57:00,243.0,243.35,242.9,242.9
5795,2024-04-10 13:00:00,242.95,243.05,242.35,242.7
5796,2024-04-10 13:03:00,242.55,243.15,242.45,243.15
5797,2024-04-10 13:06:00,243.25,243.65,243.1,243.45
5798,2024-04-10 13:09:00,243.4,243.8,243.35,243.35
5799,2024-04-10 13:12:00,243.45,244.1,243.25,244.05
5800,2024-04-10 13:15:00,244.1,244.45,243.85,244.0
5801,2024-04-10 13:18:00,244.1,244.3,244.0,244.3
5802,2024-04-10 13:21:00,244.15,244.4,244.05,244.25
5803,2024-04-10 13:24:00,244.3,244.35,244.05,244.15
5804,2024-04-10 13:27:00,244.2,244.3,244.0,244.05
5805,2024-04-10 13:30:00,244.0,244.2,244.0,244.1
5806,2024-04-10 13:33:00,244.05,244.1,243.5,243.6
5807,2024-04-10 13:36:00,243.65,243.85,243.4,243.85
5808,2024-04-10 13:39:00,243.8,244.15,243.8,244.05
5809,2024-04-10 13:42:00,244.0,244.1,244.0,244.05
5810,2024-04-10 13:45:00,244.1,244.15,244.0,244.05
5811,2024-04-10 13:48:00,244.0,244.4,244.0,244.15
5812,2024-04-10 13:51:00,244.0,244.15,243.2,243.55
5813,2024-04-10 13:54:00,243.5,243.5,243.15,243.35
5814,2024-04-10 13:57:00,243.4,243.4,242.8,243.1
5815,2024-04-10 14:00:00,243.0,243.35,242.8,242.9
5816,2024-04-10 14:03:00,242.8,242.95,242.5,242.9
5817,2024-04-10 14:06:00,242.8,242.9,242.0,242.25
5818,2024-04-10 14:09:00,242.15,242.45,242.0,242.1
5819,2024-04-10 14:12:00,242.05,242.25,242.0,242.05
5820,2024-04-10 14:15:00,242.0,242.2,242.0,242.05
5821,2024-04-10 14:18:00,242.1,243.05,242.05,242.8
5822,2024-04-10 14:21:00,242.65,242.75,242.15,242.45
5823,2024-04-10 14:24:00,242.35,242.45,242.05,242.05
5824,2024-04-10 14:27:00,242.1,242.2,241.5,241.6
5825,2024-04-10 14:30:00,241.8,242.2,241.65,242.0
5826,2024-04-10 14:33:00,241.9,242.4,241.8,242.4
5827,2024-04-10 14:36:00,242.3,242.4,242.05,242.35
5828,2024-04-10 14:39:00,242.3,242.5,242.1,242.2
5829,2024-04-10 14:42:00,242.1,242.45,242.1,242.3
5830,2024-04-10 14:45:00,242.4,242.5,242.1,242.2
5831,2024-04-10 14:48:00,242.4,242.4,242.0,242.15
5832,2024-04-10 14:51:00,242.2,243.0,242.1,242.9
5833,2024-04-10 14:54:00,242.8,242.9,242.1,242.25
5834,2024-04-10 14:57:00,242.15,242.45,242.15,242.35
5835,2024-04-10 15:00:00,242.3,242.5,242.15,242.4
5836,2024-04-10 15:03:00,242.35,242.5,242.15,242.25
5837,2024-04-10 15:06:00,242.2,242.25,241.7,241.85
5838,2024-04-10 15:09:00,241.75,241.75,241.4,241.45
5839,2024-04-10 15:12:00,241.4,241.5,240.5,240.65
5840,2024-04-10 15:15:00,240.7,240.85,240.2,240.65
5841,2024-04-10 15:18:00,240.7,241.1,240.35,240.7
5842,2024-04-10 15:21:00,240.8,240.85,240.5,240.6
5843,2024-04-10 15:24:00,240.55,240.95,240.55,240.9
5844,2024-04-10 15:27:00,240.95,241.0,240.4,240.7
5845,2024-04-12 09:15:00,240.85,243.05,238.3,242.05
5846,2024-04-12 09:18:00,242.2,243.3,241.85,242.5
5847,2024-04-12 09:21:00,242.45,242.75,241.65,241.9
5848,2024-04-12 09:24:00,241.85,242.45,241.5,241.75
5849,2024-04-12 09:27:00,241.9,242.4,241.05,242.15
5850,2024-04-12 09:30:00,242.1,242.15,241.4,241.65
5851,2024-04-12 09:33:00,241.6,241.8,240.8,240.95
5852,2024-04-12 09:36:00,240.85,241.2,240.65,240.7
5853,2024-04-12 09:39:00,240.6,240.7,239.8,239.8
5854,2024-04-12 09:42:00,239.85,240.0,238.45,238.55
5855,2024-04-12 09:45:00,238.6,239.45,238.5,239.4
5856,2024-04-12 09:48:00,239.3,239.45,238.55,238.8
5857,2024-04-12 09:51:00,238.75,239.55,238.75,239.1
5858,2024-04-12 09:54:00,239.05,239.7,238.7,239.55
5859,2024-04-12 09:57:00,239.7,239.9,239.2,239.3
5860,2024-04-12 10:00:00,239.2,239.55,238.7,239.35
5861,2024-04-12 10:03:00,239.45,239.5,238.9,239.0
5862,2024-04-12 10:06:00,238.95,239.0,238.65,238.8
5863,2024-04-12 10:09:00,238.7,239.6,238.65,239.5
5864,2024-04-12 10:12:00,239.6,239.75,239.0,239.05
5865,2024-04-12 10:15:00,239.0,239.05,238.5,239.0
5866,2024-04-12 10:18:00,238.9,239.3,238.7,238.8
5867,2024-04-12 10:21:00,238.85,239.0,238.65,238.95
5868,2024-04-12 10:24:00,238.85,239.8,238.85,239.65
5869,2024-04-12 10:27:00,239.75,240.25,239.5,240.0
5870,2024-04-12 10:30:00,240.05,240.2,239.85,240.05
5871,2024-04-12 10:33:00,240.0,240.05,239.2,239.35
5872,2024-04-12 10:36:00,239.25,239.55,239.0,239.5
5873,2024-04-12 10:39:00,239.55,239.7,239.3,239.65
5874,2024-04-12 10:42:00,239.6,240.05,239.55,240.05
5875,2024-04-12 10:45:00,240.1,240.35,239.7,239.8
5876,2024-04-12 10:48:00,239.85,240.0,239.55,239.8
5877,2024-04-12 10:51:00,239.95,240.1,239.8,240.0
5878,2024-04-12 10:54:00,239.95,239.95,239.5,239.55
5879,2024-04-12 10:57:00,239.5,239.55,239.3,239.4
5880,2024-04-12 11:00:00,239.5,239.9,239.3,239.7
5881,2024-04-12 11:03:00,239.65,239.85,239.25,239.35
5882,2024-04-12 11:06:00,239.45,240.0,239.3,239.95
5883,2024-04-12 11:09:00,239.85,241.4,239.85,241.15
5884,2024-04-12 11:12:00,241.2,241.3,240.75,240.8
5885,2024-04-12 11:15:00,240.75,240.85,240.5,240.65
5886,2024-04-12 11:18:00,240.6,240.7,240.25,240.4
5887,2024-04-12 11:21:00,240.35,240.4,240.1,240.3
5888,2024-04-12 11:24:00,240.35,240.8,240.2,240.8
5889,2024-04-12 11:27:00,240.75,241.45,240.7,241.2
5890,2024-04-12 11:30:00,241.3,241.4,240.85,240.9
5891,2024-04-12 11:33:00,241.0,241.45,240.9,241.2
5892,2024-04-12 11:36:00,241.15,241.25,240.95,241.0
5893,2024-04-12 11:39:00,240.95,241.15,240.85,240.9
5894,2024-04-12 11:42:00,240.85,240.9,240.7,240.7
5895,2024-04-12 11:45:00,240.75,241.0,240.7,240.85
5896,2024-04-12 11:48:00,240.8,240.85,240.65,240.85
5897,2024-04-12 11:51:00,240.8,241.25,240.65,241.2
5898,2024-04-12 11:54:00,241.25,241.6,241.15,241.55
5899,2024-04-12 11:57:00,241.5,241.9,241.45,241.6
5900,2024-04-12 12:00:00,241.55,241.6,240.35,240.35
5901,2024-04-12 12:03:00,240.45,241.2,240.35,241.2
5902,2024-04-12 12:06:00,241.05,241.2,240.65,240.75
5903,2024-04-12 12:09:00,240.6,240.85,240.35,240.7
5904,2024-04-12 12:12:00,240.85,242.8,240.7,242.0
5905,2024-04-12 12:15:00,242.05,242.45,240.8,240.95
5906,2024-04-12 12:18:00,240.85,240.95,240.05,240.9
5907,2024-04-12 12:21:00,240.95,241.0,240.7,240.85
5908,2024-04-12 12:24:00,240.8,241.05,240.7,241.05
5909,2024-04-12 12:27:00,241.1,241.2,241.0,241.2
5910,2024-04-12 12:30:00,241.15,241.2,240.8,240.9
5911,2024-04-12 12:33:00,240.85,241.15,240.8,240.95
5912,2024-04-12 12:36:00,240.8,240.95,240.2,240.25
5913,2024-04-12 12:39:00,240.2,240.25,239.4,239.45
5914,2024-04-12 12:42:00,239.5,240.05,239.2,239.95
5915,2024-04-12 12:45:00,239.85,239.95,239.4,239.55
5916,2024-04-12 12:48:00,239.7,239.85,239.25,239.3
5917,2024-04-12 12:51:00,239.25,239.85,239.15,239.8
5918,2024-04-12 12:54:00,239.65,239.7,239.25,239.5
5919,2024-04-12 12:57:00,239.45,239.65,239.35,239.6
5920,2024-04-12 13:00:00,239.65,239.7,239.3,239.5
5921,2024-04-12 13:03:00,239.4,239.65,239.3,239.6
5922,2024-04-12 13:06:00,239.45,239.55,239.35,239.35
5923,2024-04-12 13:09:00,239.45,239.45,238.85,239.05
5924,2024-04-12 13:12:00,239.0,239.35,239.0,239.25
5925,2024-04-12 13:15:00,239.3,239.6,239.25,239.6
5926,2024-04-12 13:18:00,239.65,239.8,239.5,239.7
5927,2024-04-12 13:21:00,239.6,240.2,239.45,240.1
5928,2024-04-12 13:24:00,240.2,240.65,240.05,240.4
5929,2024-04-12 13:27:00,240.3,241.4,240.25,241.35
5930,2024-04-12 13:30:00,241.4,241.75,241.25,241.45
5931,2024-04-12 13:33:00,241.55,241.6,241.1,241.6
5932,2024-04-12 13:36:00,241.5,241.6,241.1,241.15
5933,2024-04-12 13:39:00,241.1,241.25,240.8,241.05
5934,2024-04-12 13:42:00,240.9,241.6,240.9,241.6
5935,2024-04-12 13:45:00,241.45,241.6,241.25,241.3
5936,2024-04-12 13:48:00,241.25,241.55,241.2,241.45
5937,2024-04-12 13:51:00,241.35,241.85,241.3,241.3
5938,2024-04-12 13:54:00,241.25,241.35,241.15,241.25
5939,2024-04-12 13:57:00,241.15,241.15,240.7,240.9
5940,2024-04-12 14:00:00,240.8,240.95,240.6,240.75
5941,2024-04-12 14:03:00,240.6,240.7,240.3,240.7
5942,2024-04-12 14:06:00,240.75,240.85,240.6,240.6
5943,2024-04-12 14:09:00,240.65,240.7,240.3,240.55
5944,2024-04-12 14:12:00,240.5,240.8,240.2,240.25
5945,2024-04-12 14:15:00,240.2,240.45,240.15,240.4
5946,2024-04-12 14:18:00,240.35,240.4,240.15,240.25
5947,2024-04-12 14:21:00,240.15,240.25,239.65,239.9
5948,2024-04-12 14:24:00,239.85,240.45,239.85,240.4
5949,2024-04-12 14:27:00,240.45,240.55,240.3,240.45
5950,2024-04-12 14:30:00,240.35,240.7,240.05,240.5
5951,2024-04-12 14:33:00,240.55,240.75,240.5,240.55
5952,2024-04-12 14:36:00,240.5,240.85,240.5,240.85
5953,2024-04-12 14:39:00,240.7,241.1,240.55,240.55
5954,2024-04-12 14:42:00,240.5,240.55,240.15,240.15
5955,2024-04-12 14:45:00,240.1,240.15,239.75,239.8
5956,2024-04-12 14:48:00,239.85,240.0,239.75,239.8
5957,2024-04-12 14:51:00,239.75,239.8,239.25,239.3
5958,2024-04-12 14:54:00,239.25,239.7,239.15,239.7
5959,2024-04-12 14:57:00,239.6,240.15,239.5,240.0
5960,2024-04-12 15:00:00,239.95,240.0,239.15,239.4
5961,2024-04-12 15:03:00,239.5,239.55,239.1,239.35
5962,2024-04-12 15:06:00,239.25,239.3,238.8,239.05
5963,2024-04-12 15:09:00,238.95,239.15,238.8,239.0
5964,2024-04-12 15:12:00,238.95,239.1,238.9,239.05
5965,2024-04-12 15:15:00,239.1,239.15,238.7,238.9
5966,2024-04-12 15:18:00,238.95,239.0,238.45,238.6
5967,2024-04-12 15:21:00,238.5,238.75,238.5,238.65
5968,2024-04-12 15:24:00,238.5,238.75,238.2,238.35
5969,2024-04-12 15:27:00,238.4,238.5,238.1,238.25
5970,2024-04-15 09:15:00,233.4,236.15,232.65,233.4
5971,2024-04-15 09:18:00,233.55,234.05,232.1,232.75
5972,2024-04-15 09:21:00,232.6,236.9,232.1,236.65
5973,2024-04-15 09:24:00,236.85,237.0,235.0,235.6
5974,2024-04-15 09:27:00,235.55,235.75,233.95,234.65
5975,2024-04-15 09:30:00,234.25,234.45,232.5,232.8
5976,2024-04-15 09:33:00,232.65,233.45,232.35,232.6
5977,2024-04-15 09:36:00,232.7,232.9,231.65,231.65
5978,2024-04-15 09:39:00,231.85,233.95,231.8,233.75
5979,2024-04-15 09:42:00,233.8,234.8,233.5,234.75
5980,2024-04-15 09:45:00,234.65,235.9,234.6,235.75
5981,2024-04-15 09:48:00,235.85,235.9,235.15,235.65
5982,2024-04-15 09:51:00,235.6,236.6,235.3,236.6
5983,2024-04-15 09:54:00,236.5,236.75,235.85,236.7
5984,2024-04-15 09:57:00,236.6,238.5,236.6,237.9
5985,2024-04-15 10:00:00,237.85,238.45,237.2,237.6
5986,2024-04-15 10:03:00,237.55,238.5,237.1,238.15
5987,2024-04-15 10:06:00,238.2,238.55,237.35,237.8
5988,2024-04-15 10:09:00,237.9,238.2,237.3,237.7
5989,2024-04-15 10:12:00,237.85,238.75,237.7,238.7
5990,2024-04-15 10:15:00,238.65,238.8,238.1,238.35
5991,2024-04-15 10:18:00,238.4,239.4,237.6,239.3
5992,2024-04-15 10:21:00,239.25,240.0,238.85,239.6
5993,2024-04-15 10:24:00,239.55,240.35,239.55,239.7
5994,2024-04-15 10:27:00,239.55,239.7,238.8,239.2
5995,2024-04-15 10:30:00,239.1,239.4,238.4,238.4
5996,2024-04-15 10:33:00,238.5,240.3,238.35,240.2
5997,2024-04-15 10:36:00,240.1,240.5,239.85,240.3
5998,2024-04-15 10:39:00,240.1,241.8,240.1,241.8
5999,2024-04-15 10:42:00,241.7,242.3,241.35,242.05
6000,2024-04-15 10:45:00,242.1,242.45,241.9,242.35
6001,2024-04-15 10:48:00,242.45,242.8,242.2,242.8
6002,2024-04-15 10:51:00,242.85,243.6,242.15,242.2
6003,2024-04-15 10:54:00,242.35,242.8,242.0,242.7
6004,2024-04-15 10:57:00,242.8,243.15,241.85,242.15
6005,2024-04-15 11:00:00,242.25,242.25,241.75,242.05
6006,2024-04-15 11:03:00,242.1,242.25,241.85,242.25
6007,2024-04-15 11:06:00,242.2,242.3,241.5,241.8
6008,2024-04-15 11:09:00,241.85,241.85,240.75,241.0
6009,2024-04-15 11:12:00,240.95,241.1,240.45,241.05
6010,2024-04-15 11:15:00,241.0,241.75,240.75,241.0
6011,2024-04-15 11:18:00,240.95,242.0,240.8,242.0
6012,2024-04-15 11:21:00,241.95,242.45,241.65,242.25
6013,2024-04-15 11:24:00,242.15,242.35,241.8,242.0
6014,2024-04-15 11:27:00,241.8,242.2,241.65,242.0
6015,2024-04-15 11:30:00,241.9,242.0,241.55,241.65
6016,2024-04-15 11:33:00,241.8,242.0,241.55,242.0
6017,2024-04-15 11:36:00,241.95,242.25,241.8,241.95
6018,2024-04-15 11:39:00,241.85,242.3,241.8,242.05
6019,2024-04-15 11:42:00,241.95,242.2,241.75,241.9
6020,2024-04-15 11:45:00,241.75,242.15,241.7,242.0
6021,2024-04-15 11:48:00,242.05,242.05,241.55,241.7
6022,2024-04-15 11:51:00,241.6,241.75,241.55,241.7
6023,2024-04-15 11:54:00,241.75,242.4,241.6,242.0
6024,2024-04-15 11:57:00,242.05,242.25,241.95,242.15
6025,2024-04-15 12:00:00,242.2,242.65,242.1,242.6
6026,2024-04-15 12:03:00,242.5,243.4,242.5,242.9
6027,2024-04-15 12:06:00,243.0,244.25,242.75,243.9
6028,2024-04-15 12:09:00,243.95,243.95,243.35,243.55
6029,2024-04-15 12:12:00,243.65,245.5,243.65,245.4
6030,2024-04-15 12:15:00,245.5,245.85,244.6,245.2
6031,2024-04-15 12:18:00,245.1,245.25,244.25,244.35
6032,2024-04-15 12:21:00,244.5,244.85,244.0,244.55
6033,2024-04-15 12:24:00,244.8,244.95,244.55,244.7
6034,2024-04-15 12:27:00,244.65,245.75,244.3,245.5
6035,2024-04-15 12:30:00,245.6,245.6,244.65,245.05
6036,2024-04-15 12:33:00,245.2,245.2,244.75,244.9
6037,2024-04-15 12:36:00,244.75,245.25,244.7,245.25
6038,2024-04-15 12:39:00,245.3,245.9,245.05,245.85
6039,2024-04-15 12:42:00,245.9,246.7,245.5,246.2
6040,2024-04-15 12:45:00,246.3,246.3,244.8,245.05
6041,2024-04-15 12:48:00,245.15,245.5,244.95,245.4
6042,2024-04-15 12:51:00,245.5,245.5,244.4,244.4
6043,2024-04-15 12:54:00,244.35,244.5,243.7,244.4
6044,2024-04-15 12:57:00,244.45,244.45,242.85,243.0
6045,2024-04-15 13:00:00,242.95,243.95,242.65,243.45
6046,2024-04-15 13:03:00,243.35,243.75,243.0,243.2
6047,2024-04-15 13:06:00,243.25,244.2,243.2,244.1
6048,2024-04-15 13:09:00,244.15,244.8,244.1,244.6
6049,2024-04-15 13:12:00,244.45,244.65,244.15,244.15
6050,2024-04-15 13:15:00,244.25,244.6,244.0,244.2
6051,2024-04-15 13:18:00,244.15,244.45,243.95,244.4
6052,2024-04-15 13:21:00,244.45,244.45,243.35,243.6
6053,2024-04-15 13:24:00,243.7,244.25,243.55,243.95
6054,2024-04-15 13:27:00,243.85,244.7,243.85,244.6
6055,2024-04-15 13:30:00,244.5,244.7,243.7,243.7
6056,2024-04-15 13:33:00,243.8,243.9,243.5,243.75
6057,2024-04-15 13:36:00,243.7,243.85,243.4,243.55
6058,2024-04-15 13:39:00,243.6,244.15,243.2,244.0
6059,2024-04-15 13:42:00,244.15,244.4,244.0,244.15
6060,2024-04-15 13:45:00,244.25,245.0,244.2,244.3
6061,2024-04-15 13:48:00,244.25,244.8,244.2,244.75
6062,2024-04-15 13:51:00,244.8,244.8,243.75,244.2
6063,2024-04-15 13:54:00,244.15,244.25,243.55,243.7
6064,2024-04-15 13:57:00,243.75,244.1,243.75,243.9
6065,2024-04-15 14:00:00,243.95,244.25,243.8,243.95
6066,2024-04-15 14:03:00,244.15,244.15,243.7,243.8
6067,2024-04-15 14:06:00,243.9,243.95,243.2,243.8
6068,2024-04-15 14:09:00,243.75,243.95,243.25,243.3
6069,2024-04-15 14:12:00,243.45,243.7,243.1,243.6
6070,2024-04-15 14:15:00,243.65,243.75,243.2,243.5
6071,2024-04-15 14:18:00,243.55,243.65,242.8,242.8
6072,2024-04-15 14:21:00,242.9,242.9,241.9,242.1
6073,2024-04-15 14:24:00,242.15,242.2,241.5,241.85
6074,2024-04-15 14:27:00,241.6,241.9,240.75,241.0
6075,2024-04-15 14:30:00,241.05,241.75,241.05,241.2
6076,2024-04-15 14:33:00,241.25,241.5,240.4,240.9
6077,2024-04-15 14:36:00,241.0,241.55,240.75,241.3
6078,2024-04-15 14:39:00,241.35,242.5,241.3,242.0
6079,2024-04-15 14:42:00,242.1,242.15,241.6,241.9
6080,2024-04-15 14:45:00,241.95,242.1,241.3,241.5
6081,2024-04-15 14:48:00,241.55,241.6,240.8,241.5
6082,2024-04-15 14:51:00,241.55,241.75,241.2,241.45
6083,2024-04-15 14:54:00,241.4,241.5,240.85,240.9
6084,2024-04-15 14:57:00,240.95,241.5,240.65,240.7
6085,2024-04-15 15:00:00,240.65,241.0,240.1,240.25
6086,2024-04-15 15:03:00,240.3,240.85,240.05,240.75
6087,2024-04-15 15:06:00,240.7,240.75,240.05,240.25
6088,2024-04-15 15:09:00,240.2,241.0,240.05,240.55
6089,2024-04-15 15:12:00,240.5,240.9,240.25,240.8
6090,2024-04-15 15:15:00,240.9,241.35,240.8,241.05
6091,2024-04-15 15:18:00,241.0,241.7,241.0,241.45
6092,2024-04-15 15:21:00,241.4,241.45,241.0,241.15
6093,2024-04-15 15:24:00,241.1,241.2,240.85,241.1
6094,2024-04-15 15:27:00,241.05,241.9,239.9,239.9
6095,2024-04-16 09:15:00,239.5,243.25,237.1,242.6
6096,2024-04-16 09:18:00,242.7,243.2,240.4,241.25
6097,2024-04-16 09:21:00,241.3,241.8,239.7,241.3
6098,2024-04-16 09:24:00,241.25,241.5,239.8,240.3
6099,2024-04-16 09:27:00,240.45,241.7,240.25,241.15
6100,2024-04-16 09:30:00,241.3,242.75,241.2,242.5
6101,2024-04-16 09:33:00,242.6,242.75,241.8,242.15
6102,2024-04-16 09:36:00,242.1,242.5,241.5,242.25
6103,2024-04-16 09:39:00,242.3,242.4,241.1,241.7
6104,2024-04-16 09:42:00,241.8,241.95,241.2,241.6
6105,2024-04-16 09:45:00,241.55,242.0,241.05,241.95
6106,2024-04-16 09:48:00,242.0,242.5,241.8,241.95
6107,2024-04-16 09:51:00,241.9,242.25,241.35,242.05
6108,2024-04-16 09:54:00,241.9,243.0,241.8,243.0
6109,2024-04-16 09:57:00,242.95,243.2,242.65,242.85
6110,2024-04-16 10:00:00,242.9,244.05,242.85,243.1
6111,2024-04-16 10:03:00,243.15,243.75,243.05,243.6
6112,2024-04-16 10:06:00,243.55,243.65,243.2,243.65
6113,2024-04-16 10:09:00,243.6,244.75,243.6,244.6
6114,2024-04-16 10:12:00,244.5,244.55,243.7,243.9
6115,2024-04-16 10:15:00,243.95,244.25,243.25,244.05
6116,2024-04-16 10:18:00,244.1,245.55,243.95,245.05
6117,2024-04-16 10:21:00,245.1,245.1,243.9,244.0
6118,2024-04-16 10:24:00,243.9,243.9,243.25,243.65
6119,2024-04-16 10:27:00,243.6,243.75,243.1,243.1
6120,2024-04-16 10:30:00,243.0,243.45,242.6,243.45
6121,2024-04-16 10:33:00,243.35,244.45,243.25,244.3
6122,2024-04-16 10:36:00,244.4,244.45,243.5,243.5
6123,2024-04-16 10:39:00,243.45,243.75,243.3,243.45
6124,2024-04-16 10:42:00,243.4,243.75,243.1,243.15
6125,2024-04-16 10:45:00,243.2,243.5,242.85,243.4
6126,2024-04-16 10:48:00,243.45,244.25,243.4,244.1
6127,2024-04-16 10:51:00,244.0,244.1,243.7,243.8
6128,2024-04-16 10:54:00,243.7,243.85,243.0,243.0
6129,2024-04-16 10:57:00,243.05,243.65,243.0,243.5
6130,2024-04-16 11:00:00,243.6,243.6,243.05,243.15
6131,2024-04-16 11:03:00,243.2,243.25,242.95,243.25
6132,2024-04-16 11:06:00,243.3,243.3,243.0,243.25
6133,2024-04-16 11:09:00,243.3,243.9,243.2,243.7
6134,2024-04-16 11:12:00,243.75,244.4,243.6,244.4
6135,2024-04-16 11:15:00,244.45,244.75,244.25,244.65
6136,2024-04-16 11:18:00,244.7,244.7,244.0,244.1
6137,2024-04-16 11:21:00,244.0,244.35,243.75,243.9
6138,2024-04-16 11:24:00,243.85,244.1,243.8,243.85
6139,2024-04-16 11:27:00,243.8,243.9,243.45,243.65
6140,2024-04-16 11:30:00,243.75,243.75,243.2,243.2
6141,2024-04-16 11:33:00,243.1,243.25,242.8,243.0
6142,2024-04-16 11:36:00,242.9,242.95,242.0,242.45
6143,2024-04-16 11:39:00,242.4,242.75,242.35,242.75
6144,2024-04-16 11:42:00,242.65,242.75,241.8,241.95
6145,2024-04-16 11:45:00,241.9,242.05,241.55,242.0
6146,2024-04-16 11:48:00,241.95,242.75,241.95,242.4
6147,2024-04-16 11:51:00,242.5,242.6,242.1,242.45
6148,2024-04-16 11:54:00,242.35,242.55,242.25,242.45
6149,2024-04-16 11:57:00,242.4,242.55,242.15,242.35
6150,2024-04-16 12:00:00,242.3,242.35,241.45,241.75
6151,2024-04-16 12:03:00,241.6,242.2,241.5,241.9
6152,2024-04-16 12:06:00,241.8,242.35,241.7,242.05
6153,2024-04-16 12:09:00,242.15,242.85,241.8,242.8
6154,2024-04-16 12:12:00,242.65,242.7,242.15,242.6
6155,2024-04-16 12:15:00,242.5,242.55,242.1,242.25
6156,2024-04-16 12:18:00,242.2,242.3,241.9,242.0
6157,2024-04-16 12:21:00,241.95,242.05,241.15,241.15
6158,2024-04-16 12:24:00,241.2,241.3,240.75,240.85
6159,2024-04-16 12:27:00,240.9,241.05,240.6,240.75
6160,2024-04-16 12:30:00,240.7,241.2,240.4,240.85
6161,2024-04-16 12:33:00,240.75,241.2,240.6,241.2
6162,2024-04-16 12:36:00,241.15,241.45,240.95,241.1
6163,2024-04-16 12:39:00,241.15,241.25,240.6,240.75
6164,2024-04-16 12:42:00,240.7,240.75,240.25,240.45
6165,2024-04-16 12:45:00,240.55,241.15,240.35,240.95
6166,2024-04-16 12:48:00,240.9,241.7,240.7,241.6
6167,2024-04-16 12:51:00,241.55,241.75,241.0,241.1
6168,2024-04-16 12:54:00,241.15,241.95,241.0,241.95
6169,2024-04-16 12:57:00,242.0,242.2,241.7,242.2
6170,2024-04-16 13:00:00,242.1,242.45,241.9,242.05
6171,2024-04-16 13:03:00,242.0,242.0,240.95,241.0
6172,2024-04-16 13:06:00,240.9,241.35,240.8,241.15
6173,2024-04-16 13:09:00,241.2,241.6,240.65,241.0
6174,2024-04-16 13:12:00,240.95,241.0,240.5,240.55
6175,2024-04-16 13:15:00,240.45,240.5,240.1,240.35
6176,2024-04-16 13:18:00,240.2,240.7,240.2,240.6
6177,2024-04-16 13:21:00,240.65,240.95,240.5,240.85
6178,2024-04-16 13:24:00,240.9,241.1,240.65,241.05
6179,2024-04-16 13:27:00,241.1,241.3,240.25,240.45
6180,2024-04-16 13:30:00,240.4,241.0,240.3,240.55
6181,2024-04-16 13:33:00,240.5,241.0,240.3,240.8
6182,2024-04-16 13:36:00,240.75,240.85,240.5,240.75
6183,2024-04-16 13:39:00,240.7,241.65,240.7,241.4
6184,2024-04-16 13:42:00,241.45,241.85,241.3,241.65
6185,2024-04-16 13:45:00,241.7,241.95,241.65,241.85
6186,2024-04-16 13:48:00,241.95,242.0,241.6,241.65
6187,2024-04-16 13:51:00,241.5,242.0,241.4,241.85
6188,2024-04-16 13:54:00,241.8,242.0,241.7,241.9
6189,2024-04-16 13:57:00,241.85,241.9,241.45,241.5
6190,2024-04-16 14:00:00,241.55,241.65,241.4,241.55
6191,2024-04-16 14:03:00,241.5,241.65,241.45,241.6
6192,2024-04-16 14:06:00,241.5,241.85,241.5,241.75
6193,2024-04-16 14:09:00,241.7,242.65,241.7,242.65
6194,2024-04-16 14:12:00,242.6,243.0,242.25,242.5
6195,2024-04-16 14:15:00,242.4,242.75,242.3,242.45
6196,2024-04-16 14:18:00,242.4,242.45,241.85,242.1
6197,2024-04-16 14:21:00,242.2,242.2,241.4,241.5
6198,2024-04-16 14:24:00,241.55,241.65,241.0,241.5
6199,2024-04-16 14:27:00,241.45,241.7,241.25,241.45
6200,2024-04-16 14:30:00,241.4,241.6,241.25,241.45
6201,2024-04-16 14:33:00,241.5,242.0,241.4,242.0
6202,2024-04-16 14:36:00,242.1,242.25,241.4,241.6
6203,2024-04-16 14:39:00,241.55,241.6,241.15,241.25
6204,2024-04-16 14:42:00,241.15,241.25,241.0,241.2
6205,2024-04-16 14:45:00,241.15,241.3,240.8,240.95
6206,2024-04-16 14:48:00,240.9,241.0,240.75,240.85
6207,2024-04-16 14:51:00,240.7,240.8,239.85,240.35
6208,2024-04-16 14:54:00,240.25,240.55,240.15,240.25
6209,2024-04-16 14:57:00,240.2,241.0,240.0,240.4
6210,2024-04-16 15:00:00,240.5,240.8,240.35,240.45
6211,2024-04-16 15:03:00,240.5,240.9,240.45,240.65
6212,2024-04-16 15:06:00,240.8,240.9,240.7,240.85
6213,2024-04-16 15:09:00,240.75,241.0,240.7,240.9
6214,2024-04-16 15:12:00,240.85,241.0,240.75,240.95
6215,2024-04-16 15:15:00,241.0,241.0,240.6,240.7
6216,2024-04-16 15:18:00,240.55,240.65,240.1,240.2
6217,2024-04-16 15:21:00,240.15,240.35,240.1,240.25
6218,2024-04-16 15:24:00,240.3,240.3,240.0,240.15
6219,2024-04-16 15:27:00,240.2,240.75,240.15,240.6
6220,2024-04-18 09:15:00,243.45,246.8,243.45,245.0
6221,2024-04-18 09:18:00,245.1,246.1,244.05,244.45
6222,2024-04-18 09:21:00,244.35,244.65,243.65,244.45
6223,2024-04-18 09:24:00,244.35,245.2,243.8,244.5
6224,2024-04-18 09:27:00,244.65,244.65,242.95,243.45
6225,2024-04-18 09:30:00,243.5,243.7,242.7,242.8
6226,2024-04-18 09:33:00,242.85,243.05,242.75,242.9
6227,2024-04-18 09:36:00,242.85,243.35,241.65,241.65
6228,2024-04-18 09:39:00,241.7,242.2,241.6,241.9
6229,2024-04-18 09:42:00,241.95,242.3,241.8,242.25
6230,2024-04-18 09:45:00,242.2,242.4,241.2,241.25
6231,2024-04-18 09:48:00,241.2,241.3,240.45,240.6
6232,2024-04-18 09:51:00,240.5,241.5,240.5,240.8
6233,2024-04-18 09:54:00,240.75,240.9,240.3,240.7
6234,2024-04-18 09:57:00,240.75,241.25,240.6,241.25
6235,2024-04-18 10:00:00,241.2,242.4,241.2,241.95
6236,2024-04-18 10:03:00,242.0,242.0,240.5,240.85
6237,2024-04-18 10:06:00,240.8,241.15,240.35,240.8
6238,2024-04-18 10:09:00,240.85,241.1,240.6,240.85
6239,2024-04-18 10:12:00,240.75,241.4,240.5,241.1
6240,2024-04-18 10:15:00,241.05,241.85,241.05,241.3
6241,2024-04-18 10:18:00,241.2,241.4,240.6,240.7
6242,2024-04-18 10:21:00,240.65,240.85,240.15,240.25
6243,2024-04-18 10:24:00,240.35,240.35,240.1,240.2
6244,2024-04-18 10:27:00,240.1,240.45,239.6,240.0
6245,2024-04-18 10:30:00,240.05,241.15,239.75,241.15
6246,2024-04-18 10:33:00,241.1,241.65,240.8,241.1
6247,2024-04-18 10:36:00,241.15,241.95,241.0,241.65
6248,2024-04-18 10:39:00,241.7,242.4,241.3,242.05
6249,2024-04-18 10:42:00,241.9,242.3,241.6,241.9
6250,2024-04-18 10:45:00,241.85,242.2,241.8,242.15
6251,2024-04-18 10:48:00,242.2,242.5,241.8,241.95
6252,2024-04-18 10:51:00,241.9,242.35,241.55,241.75
6253,2024-04-18 10:54:00,241.7,242.5,241.65,242.15
6254,2024-04-18 10:57:00,242.3,242.85,242.3,242.55
6255,2024-04-18 11:00:00,242.65,243.25,242.5,242.9
6256,2024-04-18 11:03:00,242.95,243.0,242.1,242.45
6257,2024-04-18 11:06:00,242.5,242.65,242.2,242.5
6258,2024-04-18 11:09:00,242.55,242.6,241.3,241.3
6259,2024-04-18 11:12:00,241.35,242.15,241.3,241.85
6260,2024-04-18 11:15:00,241.9,241.9,241.3,241.65
6261,2024-04-18 11:18:00,241.5,241.8,241.45,241.7
6262,2024-04-18 11:21:00,241.65,241.95,241.5,241.65
6263,2024-04-18 11:24:00,241.6,241.9,241.55,241.65
6264,2024-04-18 11:27:00,241.7,241.85,241.65,241.8
6265,2024-04-18 11:30:00,241.85,241.9,241.35,241.4
6266,2024-04-18 11:33:00,241.3,241.55,241.3,241.55
6267,2024-04-18 11:36:00,241.6,242.4,241.6,242.0
6268,2024-04-18 11:39:00,241.95,242.25,241.55,242.0
6269,2024-04-18 11:42:00,242.1,242.2,241.9,242.0
6270,2024-04-18 11:45:00,241.95,242.1,241.7,241.8
6271,2024-04-18 11:48:00,241.85,242.0,241.8,241.85
6272,2024-04-18 11:51:00,241.8,241.95,241.25,241.7
6273,2024-04-18 11:54:00,241.75,242.25,241.6,242.1
6274,2024-04-18 11:57:00,242.05,242.25,241.9,241.9
6275,2024-04-18 12:00:00,242.0,242.35,241.85,242.35
6276,2024-04-18 12:03:00,242.25,242.55,242.2,242.35
6277,2024-04-18 12:06:00,242.4,242.6,242.2,242.4
6278,2024-04-18 12:09:00,242.35,242.4,241.85,241.9
6279,2024-04-18 12:12:00,241.95,242.0,241.7,241.9
6280,2024-04-18 12:15:00,242.0,242.15,241.8,242.0
6281,2024-04-18 12:18:00,242.1,242.25,242.0,242.2
6282,2024-04-18 12:21:00,242.25,242.5,242.2,242.25
6283,2024-04-18 12:24:00,242.2,242.55,242.2,242.45
6284,2024-04-18 12:27:00,242.4,242.7,242.35,242.4
6285,2024-04-18 12:30:00,242.45,242.5,242.2,242.4
6286,2024-04-18 12:33:00,242.45,242.7,242.35,242.65
6287,2024-04-18 12:36:00,242.6,242.8,242.5,242.5
6288,2024-04-18 12:39:00,242.55,242.6,242.35,242.35
6289,2024-04-18 12:42:00,242.45,242.5,242.25,242.5
6290,2024-04-18 12:45:00,242.55,242.75,242.45,242.6
6291,2024-04-18 12:48:00,242.5,242.6,242.5,242.55
6292,2024-04-18 12:51:00,242.5,242.55,242.05,242.05
6293,2024-04-18 12:54:00,242.0,242.35,241.85,242.3
6294,2024-04-18 12:57:00,242.25,242.3,242.1,242.25
6295,2024-04-18 13:00:00,242.15,242.3,241.85,241.85
6296,2024-04-18 13:03:00,241.95,242.25,241.65,242.2
6297,2024-04-18 13:06:00,242.25,242.45,242.0,242.05
6298,2024-04-18 13:09:00,242.0,242.25,241.8,241.9
6299,2024-04-18 13:12:00,241.95,242.1,241.85,242.0
6300,2024-04-18 13:15:00,241.95,242.0,241.85,241.85
6301,2024-04-18 13:18:00,241.9,241.9,241.55,241.8
6302,2024-04-18 13:21:00,241.75,241.95,241.7,241.85
6303,2024-04-18 13:24:00,241.8,241.85,241.05,241.1
6304,2024-04-18 13:27:00,241.05,241.25,240.5,240.65
6305,2024-04-18 13:30:00,240.75,241.3,240.15,241.3
6306,2024-04-18 13:33:00,241.35,241.35,240.55,240.75
6307,2024-04-18 13:36:00,240.65,240.8,240.05,240.35
6308,2024-04-18 13:39:00,240.3,240.55,240.05,240.15
6309,2024-04-18 13:42:00,240.1,240.3,239.5,239.75
6310,2024-04-18 13:45:00,239.55,239.9,239.4,239.85
6311,2024-04-18 13:48:00,239.8,240.0,239.45,239.5
6312,2024-04-18 13:51:00,239.55,239.9,239.35,239.8
6313,2024-04-18 13:54:00,239.9,240.75,239.75,240.65
6314,2024-04-18 13:57:00,240.6,240.65,239.9,240.0
6315,2024-04-18 14:00:00,240.15,240.35,239.75,240.2
6316,2024-04-18 14:03:00,240.15,240.75,240.0,240.2
6317,2024-04-18 14:06:00,240.25,240.25,239.5,239.55
6318,2024-04-18 14:09:00,239.6,239.6,238.5,239.0
6319,2024-04-18 14:12:00,238.95,239.2,238.8,239.1
6320,2024-04-18 14:15:00,239.05,240.15,238.9,240.05
6321,2024-04-18 14:18:00,240.2,240.75,240.1,240.65
6322,2024-04-18 14:21:00,240.7,240.7,239.65,239.9
6323,2024-04-18 14:24:00,240.0,240.15,239.65,239.8
6324,2024-04-18 14:27:00,239.75,239.9,239.4,239.75
6325,2024-04-18 14:30:00,239.7,239.75,239.05,239.15
6326,2024-04-18 14:33:00,239.1,239.1,238.1,238.5
6327,2024-04-18 14:36:00,238.45,238.85,238.15,238.6
6328,2024-04-18 14:39:00,238.5,238.6,237.5,237.6
6329,2024-04-18 14:42:00,237.55,238.0,236.25,236.6
6330,2024-04-18 14:45:00,236.5,237.45,236.5,237.3
6331,2024-04-18 14:48:00,237.25,237.7,237.05,237.65
6332,2024-04-18 14:51:00,237.6,237.95,236.65,236.7
6333,2024-04-18 14:54:00,236.85,236.85,235.2,235.35
6334,2024-04-18 14:57:00,235.25,235.35,234.45,235.25
6335,2024-04-18 15:00:00,235.1,235.4,234.35,234.4
6336,2024-04-18 15:03:00,234.3,235.1,234.1,234.2
6337,2024-04-18 15:06:00,234.15,234.7,233.6,234.65
6338,2024-04-18 15:09:00,234.75,235.3,234.65,235.1
6339,2024-04-18 15:12:00,235.05,235.2,234.1,234.35
6340,2024-04-18 15:15:00,234.4,235.5,234.15,235.45
6341,2024-04-18 15:18:00,235.5,236.5,235.1,236.0
6342,2024-04-18 15:21:00,235.95,236.15,235.9,236.05
6343,2024-04-18 15:24:00,236.0,236.5,235.95,236.4
6344,2024-04-18 15:27:00,236.3,237.2,236.3,236.95
6345,2024-04-19 09:15:00,231.35,233.9,230.55,232.55
6346,2024-04-19 09:18:00,232.85,232.85,229.75,230.25
6347,2024-04-19 09:21:00,230.0,234.7,229.4,234.45
6348,2024-04-19 09:24:00,234.55,235.7,233.3,233.95
6349,2024-04-19 09:27:00,234.0,234.55,233.1,234.1
6350,2024-04-19 09:30:00,234.0,234.05,231.75,233.8
6351,2024-04-19 09:33:00,233.75,235.1,233.75,234.75
6352,2024-04-19 09:36:00,234.65,234.8,233.85,234.25
6353,2024-04-19 09:39:00,234.2,234.75,233.6,233.9
6354,2024-04-19 09:42:00,233.85,234.0,232.9,233.5
6355,2024-04-19 09:45:00,233.45,234.0,232.75,233.85
6356,2024-04-19 09:48:00,233.7,233.8,233.15,233.3
6357,2024-04-19 09:51:00,233.25,233.4,232.3,232.45
6358,2024-04-19 09:54:00,232.3,232.5,231.05,232.1
6359,2024-04-19 09:57:00,232.25,233.2,231.6,232.6
6360,2024-04-19 10:00:00,232.75,233.4,232.2,233.3
6361,2024-04-19 10:03:00,233.35,233.9,233.15,233.5
6362,2024-04-19 10:06:00,233.55,234.3,233.35,234.1
6363,2024-04-19 10:09:00,234.2,234.5,233.0,233.0
6364,2024-04-19 10:12:00,233.05,234.3,232.65,234.3
6365,2024-04-19 10:15:00,234.1,235.5,234.05,235.0
6366,2024-04-19 10:18:00,235.2,235.4,234.35,235.35
6367,2024-04-19 10:21:00,235.4,235.5,235.0,235.45
6368,2024-04-19 10:24:00,235.4,235.45,234.0,234.15
6369,2024-04-19 10:27:00,234.0,235.05,233.4,233.4
6370,2024-04-19 10:30:00,233.45,234.95,233.3,234.7
6371,2024-04-19 10:33:00,234.6,235.0,234.3,234.35
6372,2024-04-19 10:36:00,234.4,234.6,233.5,233.5
6373,2024-04-19 10:39:00,233.55,234.35,233.1,233.9
6374,2024-04-19 10:42:00,233.7,233.85,233.0,233.35
6375,2024-04-19 10:45:00,233.4,233.4,231.9,232.05
6376,2024-04-19 10:48:00,232.1,232.6,231.65,231.75
6377,2024-04-19 10:51:00,231.85,232.45,231.6,231.75
6378,2024-04-19 10:54:00,231.8,233.0,231.75,232.7
6379,2024-04-19 10:57:00,232.5,233.5,232.1,232.9
6380,2024-04-19 11:00:00,232.95,233.05,232.3,232.3
6381,2024-04-19 11:03:00,232.35,232.45,231.8,232.15
6382,2024-04-19 11:06:00,232.0,232.3,231.8,232.15
6383,2024-04-19 11:09:00,232.0,232.9,231.9,232.3
6384,2024-04-19 11:12:00,232.25,232.5,231.9,232.0
6385,2024-04-19 11:15:00,231.9,232.3,231.75,232.25
6386,2024-04-19 11:18:00,232.2,232.25,231.55,231.75
6387,2024-04-19 11:21:00,231.8,232.8,231.8,232.7
6388,2024-04-19 11:24:00,232.6,233.0,232.2,232.4
6389,2024-04-19 11:27:00,232.25,233.55,232.2,233.45
6390,2024-04-19 11:30:00,233.4,233.45,232.1,232.15
6391,2024-04-19 11:33:00,232.35,232.7,231.95,232.2
6392,2024-04-19 11:36:00,232.15,233.5,232.15,233.4
6393,2024-04-19 11:39:00,233.3,234.45,233.3,233.7
6394,2024-04-19 11:42:00,233.8,234.7,233.4,234.45
6395,2024-04-19 11:45:00,234.2,234.45,233.6,233.85
6396,2024-04-19 11:48:00,233.8,234.3,233.7,234.2
6397,2024-04-19 11:51:00,234.15,234.3,233.4,233.65
6398,2024-04-19 11:54:00,233.5,234.45,233.5,234.4
6399,2024-04-19 11:57:00,234.25,234.55,234.2,234.5
6400,2024-04-19 12:00:00,234.55,234.8,234.1,234.3
6401,2024-04-19 12:03:00,234.45,234.5,233.85,234.15
6402,2024-04-19 12:06:00,234.0,234.25,233.8,234.0
6403,2024-04-19 12:09:00,234.1,234.85,233.65,234.85
6404,2024-04-19 12:12:00,234.9,234.9,234.0,234.2
6405,2024-04-19 12:15:00,234.25,234.5,234.0,234.5
6406,2024-04-19 12:18:00,234.6,235.0,234.1,234.25
6407,2024-04-19 12:21:00,234.2,234.75,234.1,234.55
6408,2024-04-19 12:24:00,234.6,235.0,234.55,235.0
6409,2024-04-19 12:27:00,234.85,235.0,234.1,234.45
6410,2024-04-19 12:30:00,234.5,234.8,234.15,234.3
6411,2024-04-19 12:33:00,234.25,234.95,234.0,234.9
6412,2024-04-19 12:36:00,234.8,235.15,234.65,234.8
6413,2024-04-19 12:39:00,234.7,235.6,234.7,235.2
6414,2024-04-19 12:42:00,235.1,235.6,235.05,235.45
6415,2024-04-19 12:45:00,235.55,235.6,235.1,235.4
6416,2024-04-19 12:48:00,235.35,236.0,235.2,235.45
6417,2024-04-19 12:51:00,235.4,235.5,235.15,235.25
6418,2024-04-19 12:54:00,235.1,235.8,235.0,235.8
6419,2024-04-19 12:57:00,235.7,236.0,235.5,235.7
6420,2024-04-19 13:00:00,235.65,235.7,235.1,235.2
6421,2024-04-19 13:03:00,235.1,235.55,235.1,235.4
6422,2024-04-19 13:06:00,235.3,235.6,234.9,234.95
6423,2024-04-19 13:09:00,234.9,235.2,234.65,235.05
6424,2024-04-19 13:12:00,234.95,235.6,234.95,235.6
6425,2024-04-19 13:15:00,235.45,235.6,234.8,234.9
6426,2024-04-19 13:18:00,234.85,235.0,234.3,234.45
6427,2024-04-19 13:21:00,234.5,235.15,234.4,235.15
6428,2024-04-19 13:24:00,235.2,235.5,235.0,235.4
6429,2024-04-19 13:27:00,235.35,235.85,235.15,235.75
6430,2024-04-19 13:30:00,235.7,236.7,235.5,236.4
6431,2024-04-19 13:33:00,236.35,236.4,235.9,236.05
6432,2024-04-19 13:36:00,236.0,236.0,235.3,235.45
6433,2024-04-19 13:39:00,235.35,235.6,235.1,235.2
6434,2024-04-19 13:42:00,235.1,235.75,234.75,235.7
6435,2024-04-19 13:45:00,235.55,236.35,235.5,236.35
6436,2024-04-19 13:48:00,236.4,237.15,236.15,237.0
6437,2024-04-19 13:51:00,236.95,237.25,236.8,237.05
6438,2024-04-19 13:54:00,237.0,237.05,236.4,236.75
6439,2024-04-19 13:57:00,236.7,237.1,236.7,237.0
6440,2024-04-19 14:00:00,236.9,237.5,236.75,237.25
6441,2024-04-19 14:03:00,237.35,237.4,237.0,237.0
6442,2024-04-19 14:06:00,237.05,237.15,236.6,237.05
6443,2024-04-19 14:09:00,237.1,237.4,236.9,237.0
6444,2024-04-19 14:12:00,236.95,237.0,236.3,236.35
6445,2024-04-19 14:15:00,236.45,236.7,236.0,236.35
6446,2024-04-19 14:18:00,236.2,236.2,235.7,236.05
6447,2024-04-19 14:21:00,235.85,236.15,235.45,236.0
6448,2024-04-19 14:24:00,235.95,236.2,235.4,236.1
6449,2024-04-19 14:27:00,235.9,236.4,235.8,236.0
6450,2024-04-19 14:30:00,235.95,236.45,235.85,236.15
6451,2024-04-19 14:33:00,236.25,237.0,236.25,236.4
6452,2024-04-19 14:36:00,236.35,236.5,235.85,236.35
6453,2024-04-19 14:39:00,236.2,236.35,235.6,235.6
6454,2024-04-19 14:42:00,235.65,235.85,234.75,235.0
6455,2024-04-19 14:45:00,234.95,235.85,234.95,235.6
6456,2024-04-19 14:48:00,235.7,236.05,235.55,236.0
6457,2024-04-19 14:51:00,235.9,235.95,235.55,235.7
6458,2024-04-19 14:54:00,235.6,235.65,235.2,235.4
6459,2024-04-19 14:57:00,235.35,235.7,235.2,235.6
6460,2024-04-19 15:00:00,235.55,235.6,235.0,235.25
6461,2024-04-19 15:03:00,235.3,235.55,235.0,235.5
6462,2024-04-19 15:06:00,235.55,235.8,235.4,235.7
6463,2024-04-19 15:09:00,235.65,235.9,235.5,235.65
6464,2024-04-19 15:12:00,235.7,235.85,235.5,235.5
6465,2024-04-19 15:15:00,235.55,235.75,235.35,235.45
6466,2024-04-19 15:18:00,235.6,236.0,235.45,235.95
6467,2024-04-19 15:21:00,235.9,235.9,235.6,235.65
6468,2024-04-19 15:24:00,235.7,236.25,235.6,235.9
6469,2024-04-19 15:27:00,235.95,236.0,235.0,236.0
6470,2024-04-22 09:15:00,238.4,240.75,238.3,239.35
6471,2024-04-22 09:18:00,239.25,240.3,238.75,239.7
6472,2024-04-22 09:21:00,239.55,239.65,238.15,238.75
6473,2024-04-22 09:24:00,238.65,239.0,238.2,238.45
6474,2024-04-22 09:27:00,238.25,239.0,238.2,238.55
6475,2024-04-22 09:30:00,238.6,238.85,237.8,238.75
6476,2024-04-22 09:33:00,238.8,239.75,238.45,239.35
6477,2024-04-22 09:36:00,239.45,239.75,239.0,239.1
6478,2024-04-22 09:39:00,239.15,239.7,239.15,239.35
6479,2024-04-22 09:42:00,239.25,239.65,238.6,238.85
6480,2024-04-22 09:45:00,238.75,239.35,238.4,238.65
6481,2024-04-22 09:48:00,238.7,239.6,238.2,239.35
6482,2024-04-22 09:51:00,239.55,239.55,238.3,239.0
6483,2024-04-22 09:54:00,239.1,239.1,238.4,238.9
6484,2024-04-22 09:57:00,239.0,239.25,238.15,238.45
6485,2024-04-22 10:00:00,238.5,238.75,238.2,238.6
6486,2024-04-22 10:03:00,238.7,238.7,237.6,237.8
6487,2024-04-22 10:06:00,237.9,237.9,237.0,237.0
6488,2024-04-22 10:09:00,237.05,237.2,236.6,236.6
6489,2024-04-22 10:12:00,236.7,237.65,236.55,237.65
6490,2024-04-22 10:15:00,237.6,237.7,237.0,237.0
6491,2024-04-22 10:18:00,237.05,238.0,236.75,237.9
6492,2024-04-22 10:21:00,237.95,238.0,237.2,237.45
6493,2024-04-22 10:24:00,237.3,237.85,237.2,237.65
6494,2024-04-22 10:27:00,237.6,237.7,237.0,237.1
6495,2024-04-22 10:30:00,237.2,237.8,237.2,237.55
6496,2024-04-22 10:33:00,237.6,237.65,237.1,237.45
6497,2024-04-22 10:36:00,237.35,237.5,237.0,237.0
6498,2024-04-22 10:39:00,237.1,237.2,236.5,237.0
6499,2024-04-22 10:42:00,236.9,237.1,236.65,236.85
6500,2024-04-22 10:45:00,236.75,236.9,236.5,236.65
6501,2024-04-22 10:48:00,236.6,237.3,236.5,237.3
6502,2024-04-22 10:51:00,237.25,237.5,237.15,237.5
6503,2024-04-22 10:54:00,237.45,237.5,237.0,237.35
6504,2024-04-22 10:57:00,237.45,237.5,237.15,237.35
6505,2024-04-22 11:00:00,237.25,237.45,237.15,237.4
6506,2024-04-22 11:03:00,237.35,237.7,237.15,237.6
6507,2024-04-22 11:06:00,237.55,237.85,237.35,237.75
6508,2024-04-22 11:09:00,237.65,237.7,237.25,237.4
6509,2024-04-22 11:12:00,237.35,237.7,237.15,237.7
6510,2024-04-22 11:15:00,237.65,237.65,237.4,237.6
6511,2024-04-22 11:18:00,237.7,238.35,237.6,238.1
6512,2024-04-22 11:21:00,238.05,238.25,237.85,238.1
6513,2024-04-22 11:24:00,238.2,238.35,237.85,237.85
6514,2024-04-22 11:27:00,237.9,238.2,237.7,238.1
6515,2024-04-22 11:30:00,238.2,238.5,238.1,238.3
6516,2024-04-22 11:33:00,238.15,238.35,238.05,238.2
6517,2024-04-22 11:36:00,238.05,238.85,238.05,238.85
6518,2024-04-22 11:39:00,238.7,238.8,238.35,238.35
6519,2024-04-22 11:42:00,238.3,238.35,237.6,237.75
6520,2024-04-22 11:45:00,237.8,238.0,237.75,238.0
6521,2024-04-22 11:48:00,237.9,238.15,237.8,237.8
6522,2024-04-22 11:51:00,237.9,237.9,237.5,237.55
6523,2024-04-22 11:54:00,237.5,238.75,237.4,238.25
6524,2024-04-22 11:57:00,238.15,238.15,237.75,237.8
6525,2024-04-22 12:00:00,237.75,238.1,237.75,237.9
6526,2024-04-22 12:03:00,237.8,238.5,237.75,238.45
6527,2024-04-22 12:06:00,238.4,238.45,238.1,238.35
6528,2024-04-22 12:09:00,238.45,238.65,238.1,238.6
6529,2024-04-22 12:12:00,238.5,238.95,238.3,238.55
6530,2024-04-22 12:15:00,238.5,238.6,238.25,238.35
6531,2024-04-22 12:18:00,238.2,238.45,238.15,238.35
6532,2024-04-22 12:21:00,238.3,238.45,238.2,238.25
6533,2024-04-22 12:24:00,238.2,238.4,238.15,238.4
6534,2024-04-22 12:27:00,238.35,238.55,238.15,238.55
6535,2024-04-22 12:30:00,238.5,238.5,238.15,238.25
6536,2024-04-22 12:33:00,238.15,238.45,238.15,238.25
6537,2024-04-22 12:36:00,238.2,238.4,238.15,238.2
6538,2024-04-22 12:39:00,238.05,238.3,238.0,238.25
6539,2024-04-22 12:42:00,238.4,238.65,238.1,238.35
6540,2024-04-22 12:45:00,238.2,238.35,237.9,238.15
6541,2024-04-22 12:48:00,238.1,238.2,237.95,238.05
6542,2024-04-22 12:51:00,238.1,238.2,237.8,237.85
6543,2024-04-22 12:54:00,237.8,237.85,237.65,237.85
6544,2024-04-22 12:57:00,237.8,238.0,237.8,237.9
6545,2024-04-22 13:00:00,237.85,238.1,237.85,238.1
6546,2024-04-22 13:03:00,238.0,238.1,237.75,237.9
6547,2024-04-22 13:06:00,237.95,238.0,237.8,237.95
6548,2024-04-22 13:09:00,237.9,237.9,237.6,237.7
6549,2024-04-22 13:12:00,237.75,237.75,237.6,237.6
6550,2024-04-22 13:15:00,237.7,237.85,237.5,237.65
6551,2024-04-22 13:18:00,237.6,238.1,237.6,238.05
6552,2024-04-22 13:21:00,237.9,238.0,237.5,237.75
6553,2024-04-22 13:24:00,237.6,237.75,237.5,237.6
6554,2024-04-22 13:27:00,237.65,237.8,237.4,237.6
6555,2024-04-22 13:30:00,237.5,237.85,237.5,237.75
6556,2024-04-22 13:33:00,237.6,237.8,237.55,237.7
6557,2024-04-22 13:36:00,237.55,237.7,237.4,237.5
6558,2024-04-22 13:39:00,237.4,237.6,237.15,237.5
6559,2024-04-22 13:42:00,237.35,237.55,237.35,237.5
6560,2024-04-22 13:45:00,237.4,237.5,237.15,237.45
6561,2024-04-22 13:48:00,237.5,237.95,237.4,237.75
6562,2024-04-22 13:51:00,237.85,238.0,237.7,237.8
6563,2024-04-22 13:54:00,237.7,237.8,237.15,237.55
6564,2024-04-22 13:57:00,237.4,237.7,237.4,237.5
6565,2024-04-22 14:00:00,237.4,237.5,237.1,237.15
6566,2024-04-22 14:03:00,237.25,237.35,237.05,237.35
6567,2024-04-22 14:06:00,237.4,237.45,237.15,237.35
6568,2024-04-22 14:09:00,237.4,237.5,237.15,237.25
6569,2024-04-22 14:12:00,237.3,237.3,237.1,237.2
6570,2024-04-22 14:15:00,237.1,237.4,237.0,237.15
6571,2024-04-22 14:18:00,237.0,237.4,237.0,237.15
6572,2024-04-22 14:21:00,237.1,237.2,236.9,236.9
6573,2024-04-22 14:24:00,237.0,237.35,236.85,237.3
6574,2024-04-22 14:27:00,237.35,237.5,237.2,237.2
6575,2024-04-22 14:30:00,237.3,237.45,237.2,237.25
6576,2024-04-22 14:33:00,237.4,237.65,237.25,237.6
6577,2024-04-22 14:36:00,237.65,237.9,237.5,237.65
6578,2024-04-22 14:39:00,237.6,237.7,237.4,237.45
6579,2024-04-22 14:42:00,237.4,237.6,237.2,237.3
6580,2024-04-22 14:45:00,237.25,237.4,237.0,237.1
6581,2024-04-22 14:48:00,237.05,237.1,236.8,236.8
6582,2024-04-22 14:51:00,236.85,237.1,236.75,236.95
6583,2024-04-22 14:54:00,236.8,237.15,236.8,237.1
6584,2024-04-22 14:57:00,237.15,237.5,237.15,237.4
6585,2024-04-22 15:00:00,237.35,237.85,237.35,237.7
6586,2024-04-22 15:03:00,237.8,237.95,237.7,237.9
6587,2024-04-22 15:06:00,237.85,237.95,237.6,237.6
6588,2024-04-22 15:09:00,237.55,237.95,237.55,237.8
6589,2024-04-22 15:12:00,237.85,238.25,237.7,237.8
6590,2024-04-22 15:15:00,237.85,237.9,237.6,237.85
6591,2024-04-22 15:18:00,237.75,237.9,237.5,237.7
6592,2024-04-22 15:21:00,237.75,237.9,237.65,237.8
6593,2024-04-22 15:24:00,237.75,237.85,237.55,237.8
6594,2024-04-22 15:27:00,237.75,239.0,237.6,239.0
6595,2024-04-23 09:15:00,239.05,239.05,237.55,237.75
6596,2024-04-23 09:18:00,237.65,238.0,236.7,237.35
6597,2024-04-23 09:21:00,237.2,238.3,237.2,237.5
6598,2024-04-23 09:24:00,237.45,237.6,236.6,236.7
6599,2024-04-23 09:27:00,236.8,237.05,236.25,236.7
6600,2024-04-23 09:30:00,236.85,237.2,236.25,236.7
6601,2024-04-23 09:33:00,236.8,236.8,236.25,236.3
6602,2024-04-23 09:36:00,236.2,236.25,235.2,235.35
6603,2024-04-23 09:39:00,235.45,236.0,235.35,235.7
6604,2024-04-23 09:42:00,235.75,236.35,235.7,235.8
6605,2024-04-23 09:45:00,235.75,235.8,235.2,235.3
6606,2024-04-23 09:48:00,235.35,235.35,235.05,235.15
6607,2024-04-23 09:51:00,235.2,235.9,235.05,235.65
6608,2024-04-23 09:54:00,235.5,235.7,235.25,235.5
6609,2024-04-23 09:57:00,235.45,235.55,235.15,235.15
6610,2024-04-23 10:00:00,235.2,235.5,235.15,235.5
6611,2024-04-23 10:03:00,235.4,235.55,235.05,235.2
6612,2024-04-23 10:06:00,235.15,235.4,234.9,235.2
6613,2024-04-23 10:09:00,235.35,235.5,235.2,235.5
6614,2024-04-23 10:12:00,235.45,235.95,235.45,235.9
6615,2024-04-23 10:15:00,235.95,236.95,235.9,236.9
6616,2024-04-23 10:18:00,236.85,236.9,236.25,236.35
6617,2024-04-23 10:21:00,236.25,236.75,236.25,236.65
6618,2024-04-23 10:24:00,236.5,236.9,236.5,236.65
6619,2024-04-23 10:27:00,236.55,236.85,236.45,236.6
6620,2024-04-23 10:30:00,236.5,236.95,236.5,236.65
6621,2024-04-23 10:33:00,236.7,237.1,236.45,237.05
6622,2024-04-23 10:36:00,237.1,237.25,237.0,237.15
6623,2024-04-23 10:39:00,237.1,237.25,236.7,236.8
6624,2024-04-23 10:42:00,236.7,236.95,236.55,236.6
6625,2024-04-23 10:45:00,236.55,236.9,236.5,236.75
6626,2024-04-23 10:48:00,236.6,236.75,236.55,236.75
6627,2024-04-23 10:51:00,236.7,237.25,236.6,236.8
6628,2024-04-23 10:54:00,236.75,237.05,236.7,237.0
6629,2024-04-23 10:57:00,236.95,237.15,236.85,236.9
6630,2024-04-23 11:00:00,236.8,236.9,236.4,236.55
6631,2024-04-23 11:03:00,236.4,236.55,236.0,236.25
6632,2024-04-23 11:06:00,236.2,236.6,236.2,236.55
6633,2024-04-23 11:09:00,236.5,236.75,236.4,236.55
6634,2024-04-23 11:12:00,236.5,236.7,236.25,236.4
6635,2024-04-23 11:15:00,236.55,236.75,236.4,236.75
6636,2024-04-23 11:18:00,236.65,236.75,236.1,236.25
6637,2024-04-23 11:21:00,236.3,236.4,236.0,236.4
6638,2024-04-23 11:24:00,236.3,236.4,236.1,236.15
6639,2024-04-23 11:27:00,236.25,236.4,236.15,236.35
6640,2024-04-23 11:30:00,236.3,236.7,236.3,236.6
6641,2024-04-23 11:33:00,236.45,236.7,236.45,236.65
6642,2024-04-23 11:36:00,236.6,236.85,236.5,236.85
6643,2024-04-23 11:39:00,236.8,237.1,236.75,236.85
6644,2024-04-23 11:42:00,236.8,237.0,236.75,236.75
6645,2024-04-23 11:45:00,236.9,236.9,236.55,236.55
6646,2024-04-23 11:48:00,236.6,237.15,236.6,237.0
6647,2024-04-23 11:51:00,237.05,237.2,236.95,237.15
6648,2024-04-23 11:54:00,237.2,237.6,237.05,237.5
6649,2024-04-23 11:57:00,237.45,237.5,237.3,237.4
6650,2024-04-23 12:00:00,237.35,237.4,237.25,237.35
6651,2024-04-23 12:03:00,237.3,237.4,236.95,237.2
6652,2024-04-23 12:06:00,237.0,237.2,236.85,237.0
6653,2024-04-23 12:09:00,236.95,237.2,236.85,237.0
6654,2024-04-23 12:12:00,236.95,237.0,236.7,236.8
6655,2024-04-23 12:15:00,236.75,237.0,236.55,236.7
6656,2024-04-23 12:18:00,236.75,236.85,236.55,236.8
6657,2024-04-23 12:21:00,236.65,237.1,236.65,237.1
6658,2024-04-23 12:24:00,237.05,237.1,236.8,237.0
6659,2024-04-23 12:27:00,236.85,237.05,236.85,237.0
6660,2024-04-23 12:30:00,236.95,237.35,236.95,237.35
6661,2024-04-23 12:33:00,237.3,237.35,237.05,237.3
6662,2024-04-23 12:36:00,237.2,237.35,237.05,237.15
6663,2024-04-23 12:39:00,237.3,237.3,236.75,237.0
6664,2024-04-23 12:42:00,236.95,236.95,236.6,236.7
6665,2024-04-23 12:45:00,236.75,236.9,236.5,236.85
6666,2024-04-23 12:48:00,236.75,236.9,236.6,236.7
6667,2024-04-23 12:51:00,236.6,236.8,236.55,236.6
6668,2024-04-23 12:54:00,236.55,236.75,236.3,236.35
6669,2024-04-23 12:57:00,236.5,236.55,236.35,236.45
6670,2024-04-23 13:00:00,236.4,236.55,236.25,236.45
6671,2024-04-23 13:03:00,236.5,236.8,236.3,236.5
6672,2024-04-23 13:06:00,236.55,236.75,236.35,236.55
6673,2024-04-23 13:09:00,236.65,236.8,236.25,236.3
6674,2024-04-23 13:12:00,236.25,236.35,236.0,236.25
6675,2024-04-23 13:15:00,236.35,236.35,235.55,235.7
6676,2024-04-23 13:18:00,235.8,235.8,234.95,235.0
6677,2024-04-23 13:21:00,234.95,235.45,234.95,235.4
6678,2024-04-23 13:24:00,235.45,235.85,235.35,235.85
6679,2024-04-23 13:27:00,235.75,236.15,235.7,236.1
6680,2024-04-23 13:30:00,236.0,236.3,235.9,236.25
6681,2024-04-23 13:33:00,236.3,236.3,235.75,235.9
6682,2024-04-23 13:36:00,235.75,236.15,235.75,236.0
6683,2024-04-23 13:39:00,235.95,236.4,235.95,236.25
6684,2024-04-23 13:42:00,236.4,236.5,236.2,236.35
6685,2024-04-23 13:45:00,236.25,236.85,236.2,236.8
6686,2024-04-23 13:48:00,236.75,237.0,236.7,236.85
6687,2024-04-23 13:51:00,236.7,236.85,236.5,236.6
6688,2024-04-23 13:54:00,236.5,236.65,236.4,236.5
6689,2024-04-23 13:57:00,236.6,236.6,236.4,236.5
6690,2024-04-23 14:00:00,236.4,236.6,236.4,236.4
6691,2024-04-23 14:03:00,236.45,236.7,236.35,236.55
6692,2024-04-23 14:06:00,236.5,236.6,236.3,236.45
6693,2024-04-23 14:09:00,236.3,236.45,236.05,236.1
6694,2024-04-23 14:12:00,236.15,236.55,236.1,236.55
6695,2024-04-23 14:15:00,236.45,236.75,236.45,236.7
6696,2024-04-23 14:18:00,236.65,236.8,236.6,236.7
6697,2024-04-23 14:21:00,236.75,236.75,236.5,236.7
6698,2024-04-23 14:24:00,236.6,236.75,236.25,236.45
6699,2024-04-23 14:27:00,236.35,236.5,235.95,236.0
6700,2024-04-23 14:30:00,235.95,236.45,235.9,236.1
6701,2024-04-23 14:33:00,236.15,236.2,236.0,236.05
6702,2024-04-23 14:36:00,236.15,236.15,235.85,235.85
6703,2024-04-23 14:39:00,235.9,236.05,235.65,235.85
6704,2024-04-23 14:42:00,235.7,235.8,235.55,235.6
6705,2024-04-23 14:45:00,235.75,235.9,235.6,235.75
6706,2024-04-23 14:48:00,235.7,235.95,235.7,235.75
6707,2024-04-23 14:51:00,235.9,235.9,235.65,235.7
6708,2024-04-23 14:54:00,235.6,235.85,235.4,235.6
6709,2024-04-23 14:57:00,235.5,235.8,235.5,235.8
6710,2024-04-23 15:00:00,235.65,235.75,235.0,235.1
6711,2024-04-23 15:03:00,235.15,235.4,234.95,234.95
6712,2024-04-23 15:06:00,235.0,235.15,234.7,234.85
6713,2024-04-23 15:09:00,234.75,234.95,234.7,234.75
6714,2024-04-23 15:12:00,234.8,234.9,234.65,234.75
6715,2024-04-23 15:15:00,234.8,234.85,234.65,234.7
6716,2024-04-23 15:18:00,234.6,234.8,234.35,234.45
6717,2024-04-23 15:21:00,234.5,234.55,234.25,234.3
6718,2024-04-23 15:24:00,234.25,234.35,234.05,234.3
6719,2024-04-23 15:27:00,234.2,234.45,234.0,234.3
6720,2024-04-24 09:15:00,235.75,237.1,235.7,236.7
6721,2024-04-24 09:18:00,236.55,237.15,236.05,236.35
6722,2024-04-24 09:21:00,236.3,237.75,235.95,237.75
6723,2024-04-24 09:24:00,237.8,238.75,237.55,238.75
6724,2024-04-24 09:27:00,238.8,241.5,238.7,241.45
6725,2024-04-24 09:30:00,241.4,241.4,239.55,239.9
6726,2024-04-24 09:33:00,240.0,240.0,239.0,239.15
6727,2024-04-24 09:36:00,239.1,239.75,238.9,239.65
6728,2024-04-24 09:39:00,239.7,239.85,238.8,238.95
6729,2024-04-24 09:42:00,238.9,239.8,238.65,239.7
6730,2024-04-24 09:45:00,239.95,240.0,239.3,239.45
6731,2024-04-24 09:48:00,239.6,239.6,238.85,239.0
6732,2024-04-24 09:51:00,238.95,239.0,238.5,238.65
6733,2024-04-24 09:54:00,238.55,239.5,238.55,239.4
6734,2024-04-24 09:57:00,239.5,239.75,239.3,239.3
6735,2024-04-24 10:00:00,239.35,239.45,239.1,239.45
6736,2024-04-24 10:03:00,239.5,239.85,239.25,239.65
6737,2024-04-24 10:06:00,239.7,239.8,239.25,239.25
6738,2024-04-24 10:09:00,239.4,239.75,239.2,239.75
6739,2024-04-24 10:12:00,239.7,239.8,239.2,239.35
6740,2024-04-24 10:15:00,239.3,240.25,239.3,240.05
6741,2024-04-24 10:18:00,240.1,240.1,239.6,239.7
6742,2024-04-24 10:21:00,239.6,240.1,239.5,240.0
6743,2024-04-24 10:24:00,240.05,240.7,240.0,240.55
6744,2024-04-24 10:27:00,240.6,240.65,240.0,240.1
6745,2024-04-24 10:30:00,239.9,240.75,239.8,240.55
6746,2024-04-24 10:33:00,240.5,240.6,240.1,240.55
6747,2024-04-24 10:36:00,240.5,240.9,240.4,240.6
6748,2024-04-24 10:39:00,240.55,240.9,240.4,240.65
6749,2024-04-24 10:42:00,240.8,240.9,240.4,240.8
6750,2024-04-24 10:45:00,240.9,240.95,240.3,240.45
6751,2024-04-24 10:48:00,240.55,240.9,240.4,240.55
6752,2024-04-24 10:51:00,240.6,240.9,240.55,240.6
6753,2024-04-24 10:54:00,240.55,240.8,240.45,240.7
6754,2024-04-24 10:57:00,240.75,240.9,240.55,240.9
6755,2024-04-24 11:00:00,240.85,241.5,240.8,241.1
6756,2024-04-24 11:03:00,241.25,241.65,240.9,241.45
6757,2024-04-24 11:06:00,241.35,241.55,241.3,241.3
6758,2024-04-24 11:09:00,241.2,241.3,240.95,240.95
6759,2024-04-24 11:12:00,241.0,241.0,240.8,240.95
6760,2024-04-24 11:15:00,241.0,241.2,240.55,240.8
6761,2024-04-24 11:18:00,240.85,240.95,240.65,240.9
6762,2024-04-24 11:21:00,240.85,241.1,240.8,241.1
6763,2024-04-24 11:24:00,241.15,241.7,241.1,241.55
6764,2024-04-24 11:27:00,241.6,241.75,241.5,241.65
6765,2024-04-24 11:30:00,241.6,241.75,241.25,241.6
6766,2024-04-24 11:33:00,241.5,241.7,241.35,241.6
6767,2024-04-24 11:36:00,241.5,241.65,241.35,241.4
6768,2024-04-24 11:39:00,241.45,241.5,241.15,241.2
6769,2024-04-24 11:42:00,241.1,241.2,240.6,240.75
6770,2024-04-24 11:45:00,240.65,240.75,240.15,240.4
6771,2024-04-24 11:48:00,240.35,240.6,240.2,240.5
6772,2024-04-24 11:51:00,240.6,241.0,240.4,241.0
6773,2024-04-24 11:54:00,240.95,241.4,240.8,241.2
6774,2024-04-24 11:57:00,241.05,241.35,240.9,241.15
6775,2024-04-24 12:00:00,241.05,242.0,241.05,241.9
6776,2024-04-24 12:03:00,241.75,241.95,241.4,241.8
6777,2024-04-24 12:06:00,241.9,242.15,241.8,241.95
6778,2024-04-24 12:09:00,242.0,242.5,241.95,242.5
6779,2024-04-24 12:12:00,242.45,243.5,242.45,243.3
6780,2024-04-24 12:15:00,243.15,243.35,242.75,243.15
6781,2024-04-24 12:18:00,243.1,243.25,242.8,243.2
6782,2024-04-24 12:21:00,243.05,243.75,243.05,243.5
6783,2024-04-24 12:24:00,243.45,244.25,243.3,244.25
6784,2024-04-24 12:27:00,244.15,244.5,243.6,244.5
6785,2024-04-24 12:30:00,244.4,244.45,244.1,244.25
6786,2024-04-24 12:33:00,244.3,244.7,244.1,244.6
6787,2024-04-24 12:36:00,244.65,245.0,244.6,244.95
6788,2024-04-24 12:39:00,245.0,245.2,244.75,245.05
6789,2024-04-24 12:42:00,245.0,245.55,245.0,245.35
6790,2024-04-24 12:45:00,245.3,245.4,244.2,244.6
6791,2024-04-24 12:48:00,244.55,245.2,244.5,245.1
6792,2024-04-24 12:51:00,245.05,245.45,245.0,245.4
6793,2024-04-24 12:54:00,245.35,245.45,245.05,245.1
6794,2024-04-24 12:57:00,245.2,245.45,245.1,245.4
6795,2024-04-24 13:00:00,245.35,247.15,245.35,246.95
6796,2024-04-24 13:03:00,247.0,247.45,246.55,247.3
6797,2024-04-24 13:06:00,247.35,247.35,246.25,246.5
6798,2024-04-24 13:09:00,246.55,246.55,245.85,245.9
6799,2024-04-24 13:12:00,246.0,246.55,245.6,246.1
6800,2024-04-24 13:15:00,246.15,246.55,246.1,246.15
6801,2024-04-24 13:18:00,246.3,246.6,246.1,246.6
6802,2024-04-24 13:21:00,246.5,247.7,246.5,247.5
6803,2024-04-24 13:24:00,247.45,247.65,247.2,247.5
6804,2024-04-24 13:27:00,247.4,247.5,247.05,247.2
6805,2024-04-24 13:30:00,247.15,247.2,246.2,246.4
6806,2024-04-24 13:33:00,246.35,246.6,246.2,246.4
6807,2024-04-24 13:36:00,246.45,246.75,245.95,246.65
6808,2024-04-24 13:39:00,246.8,247.45,246.8,247.45
6809,2024-04-24 13:42:00,247.4,247.7,247.1,247.25
6810,2024-04-24 13:45:00,247.3,247.35,246.55,246.75
6811,2024-04-24 13:48:00,246.7,246.75,246.0,246.25
6812,2024-04-24 13:51:00,246.15,246.6,246.1,246.4
6813,2024-04-24 13:54:00,246.3,246.45,245.75,245.95
6814,2024-04-24 13:57:00,246.0,246.75,245.9,246.65
6815,2024-04-24 14:00:00,246.55,246.85,246.35,246.4
6816,2024-04-24 14:03:00,246.45,246.5,246.05,246.4
6817,2024-04-24 14:06:00,246.25,246.4,245.95,246.0
6818,2024-04-24 14:09:00,245.95,246.2,245.7,245.85
6819,2024-04-24 14:12:00,245.8,246.4,245.7,246.25
6820,2024-04-24 14:15:00,246.35,247.0,246.25,247.0
6821,2024-04-24 14:18:00,246.95,247.15,246.5,246.9
6822,2024-04-24 14:21:00,247.0,247.05,246.7,246.8
6823,2024-04-24 14:24:00,246.7,246.95,246.6,246.7
6824,2024-04-24 14:27:00,246.75,246.9,246.25,246.4
6825,2024-04-24 14:30:00,246.45,246.75,245.8,245.9
6826,2024-04-24 14:33:00,245.8,245.9,245.15,245.6
6827,2024-04-24 14:36:00,245.55,245.7,245.2,245.5
6828,2024-04-24 14:39:00,245.45,246.25,245.35,246.15
6829,2024-04-24 14:42:00,246.25,247.35,246.2,247.35
6830,2024-04-24 14:45:00,247.3,248.8,247.25,248.55
6831,2024-04-24 14:48:00,248.6,249.15,248.4,249.1
6832,2024-04-24 14:51:00,248.95,249.1,248.1,248.45
6833,2024-04-24 14:54:00,248.35,248.8,248.2,248.75
6834,2024-04-24 14:57:00,248.8,249.0,248.65,248.85
6835,2024-04-24 15:00:00,248.8,248.85,248.1,248.15
6836,2024-04-24 15:03:00,248.1,248.5,247.75,248.5
6837,2024-04-24 15:06:00,248.45,248.45,247.7,248.05
6838,2024-04-24 15:09:00,248.1,248.15,247.9,248.15
6839,2024-04-24 15:12:00,248.0,248.15,247.3,248.0
6840,2024-04-24 15:15:00,247.9,248.1,247.55,248.0
6841,2024-04-24 15:18:00,247.95,248.6,247.95,248.6
6842,2024-04-24 15:21:00,248.5,248.6,248.0,248.1
6843,2024-04-24 15:24:00,248.15,248.6,248.0,248.05
6844,2024-04-24 15:27:00,248.2,248.2,247.75,248.2
6845,2024-04-25 09:15:00,249.65,249.65,248.3,249.6
6846,2024-04-25 09:18:00,249.7,249.7,248.15,248.5
6847,2024-04-25 09:21:00,248.45,249.6,248.25,249.55
6848,2024-04-25 09:24:00,249.6,251.35,249.2,250.2
6849,2024-04-25 09:27:00,250.05,250.4,249.2,249.5
6850,2024-04-25 09:30:00,249.3,250.75,249.3,250.2
6851,2024-04-25 09:33:00,250.05,250.45,249.35,249.4
6852,2024-04-25 09:36:00,249.5,249.55,248.4,248.45
6853,2024-04-25 09:39:00,248.4,248.7,248.1,248.5
6854,2024-04-25 09:42:00,248.4,249.65,248.3,249.45
6855,2024-04-25 09:45:00,249.4,249.4,248.75,248.9
6856,2024-04-25 09:48:00,249.05,249.05,248.4,248.5
6857,2024-04-25 09:51:00,248.4,248.5,248.0,248.3
6858,2024-04-25 09:54:00,248.2,248.9,248.0,248.25
6859,2024-04-25 09:57:00,248.3,248.9,248.1,248.9
6860,2024-04-25 10:00:00,248.8,250.0,248.8,249.95
6861,2024-04-25 10:03:00,250.0,250.0,249.6,249.95
6862,2024-04-25 10:06:00,249.9,250.5,249.8,250.05
6863,2024-04-25 10:09:00,250.0,251.2,249.8,251.0
6864,2024-04-25 10:12:00,250.9,251.5,250.3,251.25
6865,2024-04-25 10:15:00,251.4,251.4,250.4,250.4
6866,2024-04-25 10:18:00,250.5,250.5,249.2,249.3
6867,2024-04-25 10:21:00,249.45,249.5,249.0,249.15
6868,2024-04-25 10:24:00,249.25,249.45,249.1,249.25
6869,2024-04-25 10:27:00,249.3,249.45,248.95,248.95
6870,2024-04-25 10:30:00,249.0,249.05,248.5,248.9
6871,2024-04-25 10:33:00,248.8,249.2,248.7,249.0
6872,2024-04-25 10:36:00,249.1,249.15,248.65,248.75
6873,2024-04-25 10:39:00,248.85,248.85,248.2,248.5
6874,2024-04-25 10:42:00,248.35,248.5,248.1,248.35
6875,2024-04-25 10:45:00,248.25,248.35,248.05,248.25
6876,2024-04-25 10:48:00,248.15,248.6,248.1,248.55
6877,2024-04-25 10:51:00,248.5,248.55,247.5,247.6
6878,2024-04-25 10:54:00,247.5,247.75,246.8,247.45
6879,2024-04-25 10:57:00,247.4,247.8,246.8,247.8
6880,2024-04-25 11:00:00,247.7,248.3,247.6,248.3
6881,2024-04-25 11:03:00,248.25,248.8,248.05,248.8
6882,2024-04-25 11:06:00,248.75,249.8,248.75,249.45
6883,2024-04-25 11:09:00,249.5,250.95,249.35,250.85
6884,2024-04-25 11:12:00,250.9,251.5,250.85,251.45
6885,2024-04-25 11:15:00,251.5,252.0,251.25,251.9
6886,2024-04-25 11:18:00,251.8,252.0,251.25,251.6
6887,2024-04-25 11:21:00,251.55,251.7,250.6,250.8
6888,2024-04-25 11:24:00,250.75,250.85,250.2,250.7
6889,2024-04-25 11:27:00,250.65,250.8,250.2,250.75
6890,2024-04-25 11:30:00,250.8,251.15,250.6,250.65
6891,2024-04-25 11:33:00,250.55,250.7,250.2,250.25
6892,2024-04-25 11:36:00,250.2,250.3,249.7,249.9
6893,2024-04-25 11:39:00,250.05,250.25,249.7,249.8
6894,2024-04-25 11:42:00,249.7,250.3,249.5,249.85
6895,2024-04-25 11:45:00,249.8,250.35,249.75,250.05
6896,2024-04-25 11:48:00,250.0,250.2,249.9,250.15
6897,2024-04-25 11:51:00,250.2,250.45,250.0,250.3
6898,2024-04-25 11:54:00,250.25,250.75,250.25,250.6
6899,2024-04-25 11:57:00,250.55,250.65,250.15,250.55
6900,2024-04-25 12:00:00,250.5,250.55,250.05,250.25
6901,2024-04-25 12:03:00,250.35,250.4,250.0,250.05
6902,2024-04-25 12:06:00,250.0,250.2,249.9,250.0
6903,2024-04-25 12:09:00,249.9,250.0,249.8,249.8
6904,2024-04-25 12:12:00,249.75,250.0,249.75,250.0
6905,2024-04-25 12:15:00,249.85,250.0,249.65,249.85
6906,2024-04-25 12:18:00,249.8,250.0,249.7,250.0
6907,2024-04-25 12:21:00,249.9,250.05,249.6,249.65
6908,2024-04-25 12:24:00,249.75,250.05,249.6,249.95
6909,2024-04-25 12:27:00,250.0,250.25,249.95,250.15
6910,2024-04-25 12:30:00,250.25,250.5,250.15,250.2
6911,2024-04-25 12:33:00,250.15,250.5,250.0,250.5
6912,2024-04-25 12:36:00,250.45,250.7,250.2,250.4
6913,2024-04-25 12:39:00,250.35,250.45,250.15,250.3
6914,2024-04-25 12:42:00,250.4,250.4,250.0,250.05
6915,2024-04-25 12:45:00,250.0,250.1,249.6,249.75
6916,2024-04-25 12:48:00,249.65,250.95,249.6,250.85
6917,2024-04-25 12:51:00,251.0,251.0,250.4,250.55
6918,2024-04-25 12:54:00,250.45,250.6,250.1,250.3
6919,2024-04-25 12:57:00,250.35,250.4,249.9,250.0
6920,2024-04-25 13:00:00,249.9,250.3,249.75,250.3
6921,2024-04-25 13:03:00,250.25,250.9,250.25,250.8
6922,2024-04-25 13:06:00,250.65,250.7,250.35,250.5
6923,2024-04-25 13:09:00,250.45,250.5,249.85,249.85
6924,2024-04-25 13:12:00,249.9,250.2,249.8,250.2
6925,2024-04-25 13:15:00,250.05,250.25,249.9,249.95
6926,2024-04-25 13:18:00,250.05,250.05,249.4,249.7
6927,2024-04-25 13:21:00,249.65,249.7,249.1,249.2
6928,2024-04-25 13:24:00,249.25,249.35,249.05,249.3
6929,2024-04-25 13:27:00,249.25,249.65,249.2,249.5
6930,2024-04-25 13:30:00,249.55,249.85,249.25,249.85
6931,2024-04-25 13:33:00,249.75,250.0,249.7,249.9
6932,2024-04-25 13:36:00,249.8,250.3,249.8,250.0
6933,2024-04-25 13:39:00,249.9,250.05,249.8,250.05
6934,2024-04-25 13:42:00,250.0,250.35,250.0,250.15
6935,2024-04-25 13:45:00,250.2,250.2,249.8,249.9
6936,2024-04-25 13:48:00,249.85,250.1,249.85,250.1
6937,2024-04-25 13:51:00,250.05,250.35,249.8,249.95
6938,2024-04-25 13:54:00,250.0,250.15,249.9,250.0
6939,2024-04-25 13:57:00,250.05,250.2,249.9,250.1
6940,2024-04-25 14:00:00,250.2,250.7,250.05,250.4
6941,2024-04-25 14:03:00,250.3,250.4,249.8,250.15
6942,2024-04-25 14:06:00,250.0,250.6,249.9,250.45
6943,2024-04-25 14:09:00,250.3,250.45,250.1,250.2
6944,2024-04-25 14:12:00,250.15,250.5,250.0,250.1
6945,2024-04-25 14:15:00,250.0,250.25,250.0,250.2
6946,2024-04-25 14:18:00,250.15,250.6,250.0,250.5
6947,2024-04-25 14:21:00,250.45,250.8,250.3,250.65
6948,2024-04-25 14:24:00,250.6,250.85,250.5,250.85
6949,2024-04-25 14:27:00,250.9,250.95,250.75,250.85
6950,2024-04-25 14:30:00,250.9,250.95,250.5,250.55
6951,2024-04-25 14:33:00,250.65,250.65,250.25,250.6
6952,2024-04-25 14:36:00,250.5,250.65,250.1,250.2
6953,2024-04-25 14:39:00,250.1,250.2,249.85,249.95
6954,2024-04-25 14:42:00,250.0,250.2,249.8,250.15
6955,2024-04-25 14:45:00,250.05,250.3,250.0,250.1
6956,2024-04-25 14:48:00,250.2,250.3,249.95,250.05
6957,2024-04-25 14:51:00,250.0,250.25,249.8,250.0
6958,2024-04-25 14:54:00,249.95,250.25,249.9,250.2
6959,2024-04-25 14:57:00,250.05,250.75,250.0,250.6
6960,2024-04-25 15:00:00,250.65,250.85,250.4,250.7
6961,2024-04-25 15:03:00,250.65,253.0,250.65,251.7
6962,2024-04-25 15:06:00,251.75,252.25,251.55,252.1
6963,2024-04-25 15:09:00,252.05,252.5,252.05,252.45
6964,2024-04-25 15:12:00,252.5,252.6,252.2,252.6
6965,2024-04-25 15:15:00,252.55,252.7,252.35,252.55
6966,2024-04-25 15:18:00,252.5,252.9,252.3,252.7
6967,2024-04-25 15:21:00,252.65,252.9,252.5,252.65
6968,2024-04-25 15:24:00,252.6,252.8,252.55,252.6
6969,2024-04-25 15:27:00,252.55,252.6,252.0,252.5
6970,2024-04-26 09:15:00,254.6,256.8,254.2,256.55
6971,2024-04-26 09:18:00,256.65,256.95,255.0,256.0
6972,2024-04-26 09:21:00,256.05,256.45,255.4,255.75
6973,2024-04-26 09:24:00,255.65,255.95,254.75,255.6
6974,2024-04-26 09:27:00,255.7,256.6,255.4,255.9
6975,2024-04-26 09:30:00,255.75,256.55,255.2,255.35
6976,2024-04-26 09:33:00,255.45,255.75,255.0,255.0
6977,2024-04-26 09:36:00,254.85,255.8,254.5,255.65
6978,2024-04-26 09:39:00,255.7,256.65,255.7,256.0
6979,2024-04-26 09:42:00,255.9,256.0,254.5,255.25
6980,2024-04-26 09:45:00,255.1,255.4,254.9,255.1
6981,2024-04-26 09:48:00,254.85,255.05,254.2,254.2
6982,2024-04-26 09:51:00,254.3,255.15,254.1,255.05
6983,2024-04-26 09:54:00,254.95,255.85,254.95,255.8
6984,2024-04-26 09:57:00,255.75,255.9,255.0,255.05
6985,2024-04-26 10:00:00,255.1,255.25,254.3,254.5
6986,2024-04-26 10:03:00,254.3,254.45,253.5,253.7
6987,2024-04-26 10:06:00,253.8,253.9,253.35,253.5
6988,2024-04-26 10:09:00,253.4,254.5,253.4,254.4
6989,2024-04-26 10:12:00,254.45,255.2,254.3,254.9
6990,2024-04-26 10:15:00,254.8,255.6,254.8,255.3
6991,2024-04-26 10:18:00,255.45,255.5,254.5,255.05
6992,2024-04-26 10:21:00,255.2,255.2,254.4,254.55
6993,2024-04-26 10:24:00,254.6,254.8,254.25,254.25
6994,2024-04-26 10:27:00,254.3,254.9,253.65,254.85
6995,2024-04-26 10:30:00,254.75,255.25,254.65,255.15
6996,2024-04-26 10:33:00,255.05,255.25,255.0,255.05
6997,2024-04-26 10:36:00,255.15,256.0,254.85,255.9
6998,2024-04-26 10:39:00,255.7,256.3,255.2,255.8
6999,2024-04-26 10:42:00,255.9,255.9,255.4,255.65
7000,2024-04-26 10:45:00,255.75,255.8,255.25,255.35
7001,2024-04-26 10:48:00,255.4,256.2,255.4,255.85
7002,2024-04-26 10:51:00,256.0,256.0,255.6,256.0
7003,2024-04-26 10:54:00,255.9,256.2,255.75,256.0
7004,2024-04-26 10:57:00,256.1,256.4,255.9,256.2
7005,2024-04-26 11:00:00,256.05,256.2,255.45,255.85
7006,2024-04-26 11:03:00,255.75,256.0,255.6,255.9
7007,2024-04-26 11:06:00,255.8,255.9,255.55,255.55
7008,2024-04-26 11:09:00,255.6,256.15,255.55,255.9
7009,2024-04-26 11:12:00,255.65,256.7,255.65,256.7
7010,2024-04-26 11:15:00,256.55,257.2,256.5,257.15
7011,2024-04-26 11:18:00,257.0,258.45,256.75,257.85
7012,2024-04-26 11:21:00,257.8,259.45,257.7,259.0
7013,2024-04-26 11:24:00,258.95,259.2,258.55,258.7
7014,2024-04-26 11:27:00,258.85,258.9,258.45,258.7
7015,2024-04-26 11:30:00,258.6,259.0,258.05,258.25
7016,2024-04-26 11:33:00,258.35,258.45,258.05,258.15
7017,2024-04-26 11:36:00,258.1,258.8,258.05,258.8
7018,2024-04-26 11:39:00,258.65,258.95,258.4,258.7
7019,2024-04-26 11:42:00,258.8,258.8,258.2,258.2
7020,2024-04-26 11:45:00,258.35,258.5,258.05,258.3
7021,2024-04-26 11:48:00,258.15,258.4,258.0,258.15
7022,2024-04-26 11:51:00,258.3,258.3,258.05,258.1
7023,2024-04-26 11:54:00,258.15,258.65,258.05,258.65
7024,2024-04-26 11:57:00,258.5,258.65,258.2,258.55
7025,2024-04-26 12:00:00,258.6,258.6,258.05,258.2
7026,2024-04-26 12:03:00,258.1,258.2,257.8,257.85
7027,2024-04-26 12:06:00,257.9,257.9,257.5,257.7
7028,2024-04-26 12:09:00,257.65,258.0,257.55,257.95
7029,2024-04-26 12:12:00,257.85,258.4,257.75,258.4
7030,2024-04-26 12:15:00,258.3,258.4,257.8,258.0
7031,2024-04-26 12:18:00,258.15,258.25,257.8,258.1
7032,2024-04-26 12:21:00,258.2,258.7,258.1,258.55
7033,2024-04-26 12:24:00,258.6,258.6,258.25,258.45
7034,2024-04-26 12:27:00,258.35,258.5,258.0,258.2
7035,2024-04-26 12:30:00,258.1,258.25,257.25,257.7
7036,2024-04-26 12:33:00,257.55,258.45,257.55,258.4
7037,2024-04-26 12:36:00,258.45,258.45,258.0,258.25
7038,2024-04-26 12:39:00,258.1,258.3,257.65,257.75
7039,2024-04-26 12:42:00,257.9,258.05,257.75,257.85
7040,2024-04-26 12:45:00,257.7,257.8,257.0,257.45
7041,2024-04-26 12:48:00,257.35,257.6,256.4,256.75
7042,2024-04-26 12:51:00,256.8,257.0,256.2,256.5
7043,2024-04-26 12:54:00,256.45,257.15,256.45,256.7
7044,2024-04-26 12:57:00,256.65,256.7,256.4,256.5
7045,2024-04-26 13:00:00,256.6,257.15,256.4,256.8
7046,2024-04-26 13:03:00,256.7,257.25,256.7,257.25
7047,2024-04-26 13:06:00,257.2,257.45,256.65,256.95
7048,2024-04-26 13:09:00,256.85,257.0,256.65,256.95
7049,2024-04-26 13:12:00,256.8,257.7,256.8,257.35
7050,2024-04-26 13:15:00,257.4,257.9,257.25,257.35
7051,2024-04-26 13:18:00,257.4,257.4,256.75,257.1
7052,2024-04-26 13:21:00,257.0,257.65,256.75,257.6
7053,2024-04-26 13:24:00,257.55,257.6,256.7,256.7
7054,2024-04-26 13:27:00,256.6,256.7,256.15,256.5
7055,2024-04-26 13:30:00,256.4,256.55,255.65,256.0
7056,2024-04-26 13:33:00,255.95,256.9,255.95,256.7
7057,2024-04-26 13:36:00,256.8,257.15,256.55,257.0
7058,2024-04-26 13:39:00,257.05,257.65,257.0,257.65
7059,2024-04-26 13:42:00,257.7,258.65,257.5,258.65
7060,2024-04-26 13:45:00,258.55,258.6,257.6,257.6
7061,2024-04-26 13:48:00,257.65,257.8,257.4,257.5
7062,2024-04-26 13:51:00,257.4,257.65,257.05,257.5
7063,2024-04-26 13:54:00,257.55,257.65,257.0,257.55
7064,2024-04-26 13:57:00,257.5,257.7,257.2,257.5
7065,2024-04-26 14:00:00,257.4,257.7,257.4,257.55
7066,2024-04-26 14:03:00,257.45,257.7,257.2,257.4
7067,2024-04-26 14:06:00,257.45,257.45,256.9,256.9
7068,2024-04-26 14:09:00,257.0,257.1,256.6,256.85
7069,2024-04-26 14:12:00,257.0,257.4,256.8,257.1
7070,2024-04-26 14:15:00,257.05,257.35,257.0,257.35
7071,2024-04-26 14:18:00,257.2,257.35,257.0,257.35
7072,2024-04-26 14:21:00,257.25,257.4,257.0,257.1
7073,2024-04-26 14:24:00,257.3,257.3,257.0,257.0
7074,2024-04-26 14:27:00,257.1,257.15,257.0,257.05
7075,2024-04-26 14:30:00,257.0,257.4,257.0,257.2
7076,2024-04-26 14:33:00,257.1,257.3,257.0,257.1
7077,2024-04-26 14:36:00,257.15,257.8,257.1,257.75
7078,2024-04-26 14:39:00,257.65,257.75,257.4,257.45
7079,2024-04-26 14:42:00,257.5,257.5,257.0,257.35
7080,2024-04-26 14:45:00,257.45,257.45,257.15,257.3
7081,2024-04-26 14:48:00,257.25,257.75,257.25,257.75
7082,2024-04-26 14:51:00,257.7,257.95,257.4,257.65
7083,2024-04-26 14:54:00,257.6,257.65,257.05,257.35
7084,2024-04-26 14:57:00,257.3,257.6,257.3,257.45
7085,2024-04-26 15:00:00,257.5,258.2,257.2,258.05
7086,2024-04-26 15:03:00,258.0,258.7,257.85,258.35
7087,2024-04-26 15:06:00,258.4,258.45,257.9,258.0
7088,2024-04-26 15:09:00,258.05,258.1,257.75,257.75
7089,2024-04-26 15:12:00,257.8,257.95,257.35,257.85
7090,2024-04-26 15:15:00,257.8,258.0,257.5,257.85
7091,2024-04-26 15:18:00,257.9,258.1,257.75,257.95
7092,2024-04-26 15:21:00,257.9,258.0,257.7,257.8
7093,2024-04-26 15:24:00,257.9,257.95,257.45,257.55
7094,2024-04-26 15:27:00,257.6,257.75,257.3,257.75
7095,2024-04-29 09:15:00,260.5,261.4,259.3,259.4
7096,2024-04-29 09:18:00,259.45,259.65,258.6,259.25
7097,2024-04-29 09:21:00,259.4,259.75,258.55,258.95
7098,2024-04-29 09:24:00,258.8,258.9,258.1,258.3
7099,2024-04-29 09:27:00,258.4,259.45,258.05,258.15
7100,2024-04-29 09:30:00,258.05,258.2,256.6,258.2
7101,2024-04-29 09:33:00,258.1,258.2,257.15,257.45
7102,2024-04-29 09:36:00,257.5,257.5,256.0,256.1
7103,2024-04-29 09:39:00,256.15,256.7,255.8,256.35
7104,2024-04-29 09:42:00,256.45,256.6,255.7,255.7
7105,2024-04-29 09:45:00,255.85,255.85,254.65,255.25
7106,2024-04-29 09:48:00,255.35,255.5,254.8,255.1
7107,2024-04-29 09:51:00,255.0,255.85,254.95,255.65
7108,2024-04-29 09:54:00,255.7,256.0,255.05,255.15
7109,2024-04-29 09:57:00,255.1,255.25,254.65,254.9
7110,2024-04-29 10:00:00,254.8,255.6,254.25,255.15
7111,2024-04-29 10:03:00,255.25,255.7,254.85,255.3
7112,2024-04-29 10:06:00,255.45,255.45,254.65,254.65
7113,2024-04-29 10:09:00,254.75,255.1,254.45,255.0
7114,2024-04-29 10:12:00,254.85,255.5,254.6,255.05
7115,2024-04-29 10:15:00,255.0,255.2,254.75,254.75
7116,2024-04-29 10:18:00,254.85,254.85,254.25,254.55
7117,2024-04-29 10:21:00,254.5,255.3,254.45,255.2
7118,2024-04-29 10:24:00,255.05,255.1,254.55,254.9
7119,2024-04-29 10:27:00,255.0,255.45,254.9,255.1
7120,2024-04-29 10:30:00,255.05,255.25,254.7,254.9
7121,2024-04-29 10:33:00,254.95,255.05,254.65,254.9
7122,2024-04-29 10:36:00,254.85,255.25,254.8,255.25
7123,2024-04-29 10:39:00,255.15,255.3,254.9,255.05
7124,2024-04-29 10:42:00,255.0,255.2,255.0,255.1
7125,2024-04-29 10:45:00,255.15,255.2,254.7,255.0
7126,2024-04-29 10:48:00,254.95,254.95,254.4,254.7
7127,2024-04-29 10:51:00,254.8,254.9,254.5,254.8
7128,2024-04-29 10:54:00,254.75,254.85,254.4,254.4
7129,2024-04-29 10:57:00,254.55,254.65,254.4,254.55
7130,2024-04-29 11:00:00,254.6,254.65,254.5,254.55
7131,2024-04-29 11:03:00,254.5,254.6,253.6,253.7
7132,2024-04-29 11:06:00,253.8,254.25,253.7,254.1
7133,2024-04-29 11:09:00,254.15,254.2,253.75,253.75
7134,2024-04-29 11:12:00,253.8,254.35,253.75,254.25
7135,2024-04-29 11:15:00,254.35,254.95,254.25,254.75
7136,2024-04-29 11:18:00,254.8,254.85,254.2,254.3
7137,2024-04-29 11:21:00,254.35,254.4,253.9,254.05
7138,2024-04-29 11:24:00,254.0,254.3,254.0,254.2
7139,2024-04-29 11:27:00,254.15,254.2,253.9,254.0
7140,2024-04-29 11:30:00,254.1,254.25,253.85,253.95
7141,2024-04-29 11:33:00,254.0,254.2,253.9,253.9
7142,2024-04-29 11:36:00,253.95,253.95,253.8,253.9
7143,2024-04-29 11:39:00,253.95,254.7,253.95,254.7
7144,2024-04-29 11:42:00,254.6,254.7,254.35,254.35
7145,2024-04-29 11:45:00,254.3,254.65,254.3,254.55
7146,2024-04-29 11:48:00,254.6,255.0,254.6,255.0
7147,2024-04-29 11:51:00,254.9,254.95,254.7,254.85
7148,2024-04-29 11:54:00,254.8,254.9,254.55,254.55
7149,2024-04-29 11:57:00,254.6,255.0,254.55,254.85
7150,2024-04-29 12:00:00,254.8,254.9,254.7,254.85
7151,2024-04-29 12:03:00,254.9,254.9,254.7,254.85
7152,2024-04-29 12:06:00,254.8,254.85,254.55,254.65
7153,2024-04-29 12:09:00,254.6,254.85,254.55,254.7
7154,2024-04-29 12:12:00,254.8,255.25,254.7,255.1
7155,2024-04-29 12:15:00,255.05,255.1,254.8,255.05
7156,2024-04-29 12:18:00,255.0,255.3,254.95,255.2
7157,2024-04-29 12:21:00,255.3,255.7,255.25,255.55
7158,2024-04-29 12:24:00,255.6,255.7,255.5,255.55
7159,2024-04-29 12:27:00,255.65,255.95,255.6,255.95
7160,2024-04-29 12:30:00,255.9,255.95,255.7,255.8
7161,2024-04-29 12:33:00,255.75,255.85,255.35,255.75
7162,2024-04-29 12:36:00,255.7,255.7,255.35,255.35
7163,2024-04-29 12:39:00,255.45,255.5,255.3,255.4
7164,2024-04-29 12:42:00,255.45,255.65,255.4,255.5
7165,2024-04-29 12:45:00,255.4,255.6,255.35,255.6
7166,2024-04-29 12:48:00,255.55,255.6,255.35,255.5
7167,2024-04-29 12:51:00,255.55,255.7,255.45,255.65
7168,2024-04-29 12:54:00,255.6,255.7,255.4,255.5
7169,2024-04-29 12:57:00,255.4,255.5,255.3,255.35
7170,2024-04-29 13:00:00,255.3,255.4,254.95,255.15
7171,2024-04-29 13:03:00,255.2,255.2,254.4,254.5
7172,2024-04-29 13:06:00,254.45,254.95,254.35,254.75
7173,2024-04-29 13:09:00,254.85,254.95,254.75,254.8
7174,2024-04-29 13:12:00,254.9,255.1,254.8,255.0
7175,2024-04-29 13:15:00,255.05,255.7,254.85,255.7
7176,2024-04-29 13:18:00,255.65,256.4,255.65,256.2
7177,2024-04-29 13:21:00,256.15,256.4,256.15,256.3
7178,2024-04-29 13:24:00,256.25,256.4,255.85,256.05
7179,2024-04-29 13:27:00,256.0,256.05,255.6,255.7
7180,2024-04-29 13:30:00,255.65,255.7,255.1,255.4
7181,2024-04-29 13:33:00,255.3,255.75,255.3,255.65
7182,2024-04-29 13:36:00,255.4,255.4,255.0,255.1
7183,2024-04-29 13:39:00,255.05,255.35,254.9,255.0
7184,2024-04-29 13:42:00,254.85,255.3,254.6,255.2
7185,2024-04-29 13:45:00,255.15,255.25,254.55,254.75
7186,2024-04-29 13:48:00,254.6,254.75,254.5,254.6
7187,2024-04-29 13:51:00,254.55,254.95,254.55,254.9
7188,2024-04-29 13:54:00,254.8,255.0,254.75,254.75
7189,2024-04-29 13:57:00,254.8,255.1,254.75,255.05
7190,2024-04-29 14:00:00,255.0,255.0,254.6,254.75
7191,2024-04-29 14:03:00,254.8,254.95,254.55,254.9
7192,2024-04-29 14:06:00,254.85,254.85,254.6,254.65
7193,2024-04-29 14:09:00,254.7,254.75,254.5,254.7
7194,2024-04-29 14:12:00,254.6,254.6,254.3,254.45
7195,2024-04-29 14:15:00,254.4,254.6,254.35,254.6
7196,2024-04-29 14:18:00,254.5,254.8,254.4,254.75
7197,2024-04-29 14:21:00,254.7,254.9,254.55,254.75
7198,2024-04-29 14:24:00,254.8,254.8,254.4,254.6
7199,2024-04-29 14:27:00,254.65,254.8,254.5,254.7
7200,2024-04-29 14:30:00,254.75,254.8,254.5,254.65
7201,2024-04-29 14:33:00,254.6,254.7,254.5,254.6
7202,2024-04-29 14:36:00,254.5,254.75,254.5,254.65
7203,2024-04-29 14:39:00,254.55,255.15,254.5,255.1
7204,2024-04-29 14:42:00,255.0,255.1,254.35,254.6
7205,2024-04-29 14:45:00,254.7,255.35,254.55,254.65
7206,2024-04-29 14:48:00,254.6,254.85,253.8,254.2
7207,2024-04-29 14:51:00,254.15,254.4,253.9,254.25
7208,2024-04-29 14:54:00,254.1,254.45,254.1,254.35
7209,2024-04-29 14:57:00,254.25,254.6,254.25,254.3
7210,2024-04-29 15:00:00,254.35,255.2,254.35,254.95
7211,2024-04-29 15:03:00,254.9,255.05,254.55,254.8
7212,2024-04-29 15:06:00,254.75,255.05,254.7,254.85
7213,2024-04-29 15:09:00,254.9,255.0,254.7,254.85
7214,2024-04-29 15:12:00,254.8,254.95,254.75,254.9
7215,2024-04-29 15:15:00,254.85,255.05,254.55,255.05
7216,2024-04-29 15:18:00,255.0,255.25,254.9,255.05
7217,2024-04-29 15:21:00,255.0,255.2,254.9,255.15
7218,2024-04-29 15:24:00,255.1,255.15,254.8,254.9
7219,2024-04-29 15:27:00,254.8,260.0,254.55,260.0
7220,2024-04-30 09:15:00,259.1,259.55,258.0,259.2
7221,2024-04-30 09:18:00,259.35,260.45,259.05,259.15
7222,2024-04-30 09:21:00,259.25,259.65,258.9,259.5
7223,2024-04-30 09:24:00,259.4,259.85,259.0,259.4
7224,2024-04-30 09:27:00,259.45,259.85,259.35,259.75
7225,2024-04-30 09:30:00,259.85,260.1,258.3,258.45
7226,2024-04-30 09:33:00,258.55,259.85,258.4,259.75
7227,2024-04-30 09:36:00,259.7,259.75,259.05,259.2
7228,2024-04-30 09:39:00,259.25,259.35,258.75,258.85
7229,2024-04-30 09:42:00,258.9,259.0,258.6,258.65
7230,2024-04-30 09:45:00,258.7,258.95,258.55,258.8
7231,2024-04-30 09:48:00,258.7,258.9,258.6,258.7
7232,2024-04-30 09:51:00,258.8,259.15,258.7,259.05
7233,2024-04-30 09:54:00,259.0,259.1,258.7,258.8
7234,2024-04-30 09:57:00,258.7,258.9,258.6,258.75
7235,2024-04-30 10:00:00,258.8,258.8,258.3,258.3
7236,2024-04-30 10:03:00,258.35,258.35,257.75,257.95
7237,2024-04-30 10:06:00,258.0,258.3,257.25,258.1
7238,2024-04-30 10:09:00,258.0,258.0,257.5,257.65
7239,2024-04-30 10:12:00,257.7,258.0,257.45,257.6
7240,2024-04-30 10:15:00,257.55,257.65,257.1,257.25
7241,2024-04-30 10:18:00,257.0,257.75,257.0,257.75
7242,2024-04-30 10:21:00,257.6,257.9,257.4,257.75
7243,2024-04-30 10:24:00,257.7,257.8,257.25,257.35
7244,2024-04-30 10:27:00,257.4,257.4,257.1,257.3
7245,2024-04-30 10:30:00,257.2,257.3,256.75,256.75
7246,2024-04-30 10:33:00,256.8,257.15,256.55,257.0
7247,2024-04-30 10:36:00,257.1,257.65,257.0,257.65
7248,2024-04-30 10:39:00,257.7,257.7,257.1,257.15
7249,2024-04-30 10:42:00,257.2,257.25,257.0,257.15
7250,2024-04-30 10:45:00,257.1,257.4,257.1,257.2
7251,2024-04-30 10:48:00,257.25,257.25,256.9,257.0
7252,2024-04-30 10:51:00,256.95,257.1,256.7,256.75
7253,2024-04-30 10:54:00,256.8,256.8,256.45,256.7
7254,2024-04-30 10:57:00,256.8,256.8,256.15,256.55
7255,2024-04-30 11:00:00,256.7,256.8,256.15,256.15
7256,2024-04-30 11:03:00,256.35,256.6,255.85,255.85
7257,2024-04-30 11:06:00,255.95,256.85,255.85,256.8
7258,2024-04-30 11:09:00,256.65,256.85,256.3,256.55
7259,2024-04-30 11:12:00,256.6,256.7,256.15,256.15
7260,2024-04-30 11:15:00,256.3,256.55,256.1,256.3
7261,2024-04-30 11:18:00,256.25,256.4,256.1,256.1
7262,2024-04-30 11:21:00,256.2,256.4,256.1,256.4
7263,2024-04-30 11:24:00,256.5,256.55,256.2,256.35
7264,2024-04-30 11:27:00,256.25,256.35,256.05,256.2
7265,2024-04-30 11:30:00,256.15,256.45,256.1,256.2
7266,2024-04-30 11:33:00,256.35,256.45,256.1,256.45
7267,2024-04-30 11:36:00,256.4,256.9,256.35,256.35
7268,2024-04-30 11:39:00,256.45,256.65,256.2,256.25
7269,2024-04-30 11:42:00,256.35,256.45,256.0,256.15
7270,2024-04-30 11:45:00,256.1,256.45,256.05,256.25
7271,2024-04-30 11:48:00,256.2,256.4,256.2,256.25
7272,2024-04-30 11:51:00,256.2,256.4,256.2,256.25
7273,2024-04-30 11:54:00,256.2,256.75,256.1,256.55
7274,2024-04-30 11:57:00,256.5,256.6,256.45,256.6
7275,2024-04-30 12:00:00,256.5,257.0,256.5,256.85
7276,2024-04-30 12:03:00,257.0,257.6,256.9,257.5
7277,2024-04-30 12:06:00,257.35,257.5,257.1,257.15
7278,2024-04-30 12:09:00,257.1,257.5,257.1,257.25
7279,2024-04-30 12:12:00,257.3,257.35,257.2,257.2
7280,2024-04-30 12:15:00,257.25,257.5,257.2,257.4
7281,2024-04-30 12:18:00,257.25,257.4,257.0,257.0
7282,2024-04-30 12:21:00,257.1,257.45,256.9,257.4
7283,2024-04-30 12:24:00,257.45,257.55,257.25,257.25
7284,2024-04-30 12:27:00,257.35,257.55,257.25,257.55
7285,2024-04-30 12:30:00,257.45,257.6,257.3,257.5
7286,2024-04-30 12:33:00,257.35,257.45,257.1,257.2
7287,2024-04-30 12:36:00,257.15,257.4,257.15,257.25
7288,2024-04-30 12:39:00,257.2,257.35,256.8,256.8
7289,2024-04-30 12:42:00,256.75,257.05,256.75,257.0
7290,2024-04-30 12:45:00,256.85,257.05,256.65,256.65
7291,2024-04-30 12:48:00,256.6,257.0,256.6,257.0
7292,2024-04-30 12:51:00,256.9,257.25,256.9,257.1
7293,2024-04-30 12:54:00,257.15,257.4,257.0,257.25
7294,2024-04-30 12:57:00,257.3,257.3,256.85,257.0
7295,2024-04-30 13:00:00,257.05,257.05,256.75,256.95
7296,2024-04-30 13:03:00,256.85,257.05,256.75,256.85
7297,2024-04-30 13:06:00,256.75,256.85,256.55,256.75
7298,2024-04-30 13:09:00,256.65,256.7,256.4,256.55
7299,2024-04-30 13:12:00,256.45,256.55,256.05,256.25
7300,2024-04-30 13:15:00,256.1,256.5,256.05,256.25
7301,2024-04-30 13:18:00,256.3,256.55,256.2,256.5
7302,2024-04-30 13:21:00,256.4,257.0,256.4,257.0
7303,2024-04-30 13:24:00,257.05,257.4,257.05,257.3
7304,2024-04-30 13:27:00,257.35,257.35,257.05,257.05
7305,2024-04-30 13:30:00,257.15,257.2,256.9,257.0
7306,2024-04-30 13:33:00,256.95,256.95,256.7,256.75
7307,2024-04-30 13:36:00,256.8,257.1,256.8,256.95
7308,2024-04-30 13:39:00,257.0,257.0,256.65,256.75
7309,2024-04-30 13:42:00,256.85,257.0,256.7,256.9
7310,2024-04-30 13:45:00,256.85,256.95,256.8,256.85
7311,2024-04-30 13:48:00,256.95,257.0,256.75,256.75
7312,2024-04-30 13:51:00,256.85,257.15,256.75,257.1
7313,2024-04-30 13:54:00,257.05,257.35,257.05,257.35
7314,2024-04-30 13:57:00,257.3,257.5,257.0,257.1
7315,2024-04-30 14:00:00,257.2,257.2,257.0,257.15
7316,2024-04-30 14:03:00,257.0,257.05,256.7,256.8
7317,2024-04-30 14:06:00,256.85,257.0,256.6,256.6
7318,2024-04-30 14:09:00,256.75,256.75,256.1,256.25
7319,2024-04-30 14:12:00,256.2,256.4,256.2,256.25
7320,2024-04-30 14:15:00,256.35,256.7,256.25,256.7
7321,2024-04-30 14:18:00,256.6,256.75,256.45,256.45
7322,2024-04-30 14:21:00,256.6,256.6,256.4,256.5
7323,2024-04-30 14:24:00,256.4,256.9,256.4,256.5
7324,2024-04-30 14:27:00,256.55,256.65,256.2,256.3
7325,2024-04-30 14:30:00,256.4,256.8,256.35,256.65
7326,2024-04-30 14:33:00,256.7,256.75,256.2,256.2
7327,2024-04-30 14:36:00,256.3,256.35,255.8,255.85
7328,2024-04-30 14:39:00,255.8,256.0,255.4,255.55
7329,2024-04-30 14:42:00,255.5,255.65,255.1,255.5
7330,2024-04-30 14:45:00,255.4,255.8,255.1,255.7
7331,2024-04-30 14:48:00,255.5,255.65,255.1,255.4
7332,2024-04-30 14:51:00,255.45,255.45,255.0,255.15
7333,2024-04-30 14:54:00,255.2,255.6,255.15,255.55
7334,2024-04-30 14:57:00,255.5,255.55,254.9,255.2
7335,2024-04-30 15:00:00,255.1,255.3,254.05,254.15
7336,2024-04-30 15:03:00,254.1,254.75,254.05,254.75
7337,2024-04-30 15:06:00,254.65,254.9,254.05,254.7
7338,2024-04-30 15:09:00,254.75,255.25,254.6,255.0
7339,2024-04-30 15:12:00,255.05,255.05,254.4,254.4
7340,2024-04-30 15:15:00,254.3,254.6,254.1,254.4
7341,2024-04-30 15:18:00,254.45,254.55,254.1,254.35
7342,2024-04-30 15:21:00,254.45,254.6,254.25,254.5
7343,2024-04-30 15:24:00,254.45,254.55,254.25,254.45
7344,2024-04-30 15:27:00,254.4,254.5,254.2,254.5
7345,2024-05-02 09:15:00,254.2,257.25,254.2,256.1
7346,2024-05-02 09:18:00,256.0,256.1,252.2,252.55
7347,2024-05-02 09:21:00,252.4,254.65,252.4,254.65
7348,2024-05-02 09:24:00,254.7,255.05,254.0,254.9
7349,2024-05-02 09:27:00,255.05,255.05,254.2,254.85
7350,2024-05-02 09:30:00,254.95,255.4,254.35,254.6
7351,2024-05-02 09:33:00,254.65,255.95,254.6,255.95
7352,2024-05-02 09:36:00,255.85,256.25,255.15,256.0
7353,2024-05-02 09:39:00,256.05,256.05,255.7,255.9
7354,2024-05-02 09:42:00,255.95,255.95,255.5,255.75
7355,2024-05-02 09:45:00,255.7,256.7,255.5,256.65
7356,2024-05-02 09:48:00,256.7,256.7,256.0,256.25
7357,2024-05-02 09:51:00,256.2,257.4,256.2,257.2
7358,2024-05-02 09:54:00,257.4,257.4,256.65,257.2
7359,2024-05-02 09:57:00,257.25,258.4,257.1,257.75
7360,2024-05-02 10:00:00,257.8,258.4,257.7,257.7
7361,2024-05-02 10:03:00,257.75,258.1,257.35,257.45
7362,2024-05-02 10:06:00,257.4,258.35,257.35,257.6
7363,2024-05-02 10:09:00,257.7,257.8,257.2,257.7
7364,2024-05-02 10:12:00,257.65,257.9,257.65,257.85
7365,2024-05-02 10:15:00,257.9,258.15,257.55,258.0
7366,2024-05-02 10:18:00,258.05,258.3,257.9,257.9
7367,2024-05-02 10:21:00,257.95,258.0,257.4,257.65
7368,2024-05-02 10:24:00,257.6,257.85,257.4,257.85
7369,2024-05-02 10:27:00,257.8,258.0,257.5,257.55
7370,2024-05-02 10:30:00,257.7,257.85,257.1,257.35
7371,2024-05-02 10:33:00,257.3,257.7,257.3,257.5
7372,2024-05-02 10:36:00,257.6,257.65,257.1,257.25
7373,2024-05-02 10:39:00,257.15,257.3,256.55,256.8
7374,2024-05-02 10:42:00,256.75,257.15,256.55,256.55
7375,2024-05-02 10:45:00,256.65,256.65,255.75,256.0
7376,2024-05-02 10:48:00,255.95,256.05,255.8,255.85
7377,2024-05-02 10:51:00,255.9,256.4,255.8,256.25
7378,2024-05-02 10:54:00,256.2,256.3,255.8,256.0
7379,2024-05-02 10:57:00,255.95,255.95,255.65,255.8
7380,2024-05-02 11:00:00,255.75,255.9,255.5,255.7
7381,2024-05-02 11:03:00,255.55,255.95,255.45,255.95
7382,2024-05-02 11:06:00,255.9,257.2,255.9,257.05
7383,2024-05-02 11:09:00,257.1,257.1,256.5,256.8
7384,2024-05-02 11:12:00,256.75,256.9,256.2,256.5
7385,2024-05-02 11:15:00,256.55,257.45,256.45,257.4
7386,2024-05-02 11:18:00,257.2,257.4,256.35,257.0
7387,2024-05-02 11:21:00,257.15,257.15,256.55,256.8
7388,2024-05-02 11:24:00,256.85,256.85,256.25,256.6
7389,2024-05-02 11:27:00,256.55,256.75,256.4,256.6
7390,2024-05-02 11:30:00,256.65,257.2,256.65,256.9
7391,2024-05-02 11:33:00,257.0,257.3,256.6,257.25
7392,2024-05-02 11:36:00,257.3,257.3,256.75,256.8
7393,2024-05-02 11:39:00,256.7,257.2,256.55,257.0
7394,2024-05-02 11:42:00,257.05,257.5,256.8,257.15
7395,2024-05-02 11:45:00,257.3,257.35,256.8,257.15
7396,2024-05-02 11:48:00,257.2,257.4,257.05,257.1
7397,2024-05-02 11:51:00,257.25,257.75,257.0,257.55
7398,2024-05-02 11:54:00,257.5,258.2,257.4,258.1
7399,2024-05-02 11:57:00,258.15,258.25,257.3,258.0
7400,2024-05-02 12:00:00,258.05,258.15,257.6,258.0
7401,2024-05-02 12:03:00,257.9,258.3,257.85,258.3
7402,2024-05-02 12:06:00,258.25,258.3,258.0,258.0
7403,2024-05-02 12:09:00,258.05,258.1,258.0,258.0
7404,2024-05-02 12:12:00,258.05,258.3,258.0,258.1
7405,2024-05-02 12:15:00,258.15,258.15,258.0,258.1
7406,2024-05-02 12:18:00,258.05,258.6,258.0,258.5
7407,2024-05-02 12:21:00,258.55,258.75,258.35,258.5
7408,2024-05-02 12:24:00,258.55,258.9,258.45,258.9
7409,2024-05-02 12:27:00,258.95,260.2,258.9,260.05
7410,2024-05-02 12:30:00,260.0,260.3,259.9,260.0
7411,2024-05-02 12:33:00,260.05,260.25,259.15,259.65
7412,2024-05-02 12:36:00,259.6,260.1,258.8,259.0
7413,2024-05-02 12:39:00,259.05,259.7,258.8,259.5
7414,2024-05-02 12:42:00,259.6,259.6,258.8,258.8
7415,2024-05-02 12:45:00,258.9,258.95,258.2,258.55
7416,2024-05-02 12:48:00,258.75,259.1,258.6,259.0
7417,2024-05-02 12:51:00,259.05,259.4,259.0,259.25
7418,2024-05-02 12:54:00,259.2,259.25,259.0,259.0
7419,2024-05-02 12:57:00,258.85,259.0,258.4,258.4
7420,2024-05-02 13:00:00,258.5,258.7,258.4,258.5
7421,2024-05-02 13:03:00,258.4,258.9,258.4,258.9
7422,2024-05-02 13:06:00,258.85,258.9,258.6,258.7
7423,2024-05-02 13:09:00,258.8,258.8,258.3,258.3
7424,2024-05-02 13:12:00,258.45,258.45,258.2,258.3
7425,2024-05-02 13:15:00,258.45,258.75,258.3,258.6
7426,2024-05-02 13:18:00,258.45,258.75,258.35,258.45
7427,2024-05-02 13:21:00,258.6,258.75,258.4,258.65
7428,2024-05-02 13:24:00,258.7,258.85,258.6,258.75
7429,2024-05-02 13:27:00,258.7,259.1,258.7,259.05
7430,2024-05-02 13:30:00,259.1,259.2,258.6,258.65
7431,2024-05-02 13:33:00,258.6,258.85,258.5,258.7
7432,2024-05-02 13:36:00,258.8,258.85,258.55,258.8
7433,2024-05-02 13:39:00,258.65,259.1,258.55,259.1
7434,2024-05-02 13:42:00,259.0,259.1,258.8,258.9
7435,2024-05-02 13:45:00,258.8,259.1,258.65,258.8
7436,2024-05-02 13:48:00,258.9,259.0,258.75,258.75
7437,2024-05-02 13:51:00,258.85,258.9,258.65,258.75
7438,2024-05-02 13:54:00,258.8,258.95,258.65,258.95
7439,2024-05-02 13:57:00,258.85,259.25,258.7,259.1
7440,2024-05-02 14:00:00,259.0,259.55,259.0,259.25
7441,2024-05-02 14:03:00,259.2,259.6,258.8,259.6
7442,2024-05-02 14:06:00,259.4,260.1,259.3,259.5
7443,2024-05-02 14:09:00,259.45,259.7,259.3,259.35
7444,2024-05-02 14:12:00,259.4,260.0,259.35,259.55
7445,2024-05-02 14:15:00,259.6,259.9,259.5,259.6
7446,2024-05-02 14:18:00,259.55,259.6,258.6,258.85
7447,2024-05-02 14:21:00,258.8,258.95,258.55,258.55
7448,2024-05-02 14:24:00,258.6,258.9,258.3,258.7
7449,2024-05-02 14:27:00,258.55,258.65,258.2,258.45
7450,2024-05-02 14:30:00,258.4,259.45,258.4,259.45
7451,2024-05-02 14:33:00,259.35,259.45,259.05,259.1
7452,2024-05-02 14:36:00,259.0,259.15,258.9,258.95
7453,2024-05-02 14:39:00,259.0,259.35,258.95,259.2
7454,2024-05-02 14:42:00,259.3,259.3,258.75,259.0
7455,2024-05-02 14:45:00,258.95,259.25,258.9,259.05
7456,2024-05-02 14:48:00,259.0,259.0,258.7,258.95
7457,2024-05-02 14:51:00,258.85,259.45,258.7,259.3
7458,2024-05-02 14:54:00,259.25,259.4,258.9,259.1
7459,2024-05-02 14:57:00,259.05,259.2,258.9,258.9
7460,2024-05-02 15:00:00,258.95,258.95,258.4,258.85
7461,2024-05-02 15:03:00,258.8,258.9,258.25,258.6
7462,2024-05-02 15:06:00,258.55,258.85,258.25,258.85
7463,2024-05-02 15:09:00,258.8,258.95,258.4,258.4
7464,2024-05-02 15:12:00,258.5,258.6,258.35,258.35
7465,2024-05-02 15:15:00,258.5,258.7,258.25,258.55
7466,2024-05-02 15:18:00,258.65,258.8,258.5,258.75
7467,2024-05-02 15:21:00,258.65,258.75,258.4,258.55
7468,2024-05-02 15:24:00,258.5,258.55,258.0,258.25
7469,2024-05-02 15:27:00,258.1,259.0,258.0,259.0
7470,2024-05-03 09:15:00,259.3,259.6,258.25,258.25
7471,2024-05-03 09:18:00,258.4,259.1,258.15,259.0
7472,2024-05-03 09:21:00,258.9,260.4,258.85,260.25
7473,2024-05-03 09:24:00,260.3,261.3,260.15,261.1
7474,2024-05-03 09:27:00,261.0,261.1,259.9,260.05
7475,2024-05-03 09:30:00,260.1,261.1,260.0,260.9
7476,2024-05-03 09:33:00,260.95,261.9,260.7,260.7
7477,2024-05-03 09:36:00,260.8,261.1,260.3,260.4
7478,2024-05-03 09:39:00,260.35,261.75,259.75,261.6
7479,2024-05-03 09:42:00,261.65,261.75,260.9,261.05
7480,2024-05-03 09:45:00,260.9,261.4,260.6,261.1
7481,2024-05-03 09:48:00,261.05,262.5,261.0,262.5
7482,2024-05-03 09:51:00,262.4,263.45,262.4,262.65
7483,2024-05-03 09:54:00,262.8,262.85,262.0,262.55
7484,2024-05-03 09:57:00,262.4,263.1,262.35,262.65
7485,2024-05-03 10:00:00,262.55,262.7,262.05,262.4
7486,2024-05-03 10:03:00,262.45,263.3,262.3,262.4
7487,2024-05-03 10:06:00,262.5,263.45,262.4,263.25
7488,2024-05-03 10:09:00,263.3,264.4,262.65,262.7
7489,2024-05-03 10:12:00,262.6,264.1,262.6,263.5
7490,2024-05-03 10:15:00,263.65,263.95,263.05,263.95
7491,2024-05-03 10:18:00,263.8,264.1,263.6,263.95
7492,2024-05-03 10:21:00,263.8,264.3,263.0,264.3
7493,2024-05-03 10:24:00,264.2,265.0,263.95,264.3
7494,2024-05-03 10:27:00,264.5,264.65,263.7,263.9
7495,2024-05-03 10:30:00,263.8,264.4,263.55,264.4
7496,2024-05-03 10:33:00,264.35,265.0,264.15,264.5
7497,2024-05-03 10:36:00,264.55,265.4,264.45,264.75
7498,2024-05-03 10:39:00,264.8,265.1,263.75,264.5
7499,2024-05-03 10:42:00,264.55,265.3,264.35,264.6
7500,2024-05-03 10:45:00,264.55,264.9,263.75,263.95
7501,2024-05-03 10:48:00,263.85,264.5,263.8,264.25
7502,2024-05-03 10:51:00,264.4,264.85,263.95,264.8
7503,2024-05-03 10:54:00,264.85,265.2,264.5,264.8
7504,2024-05-03 10:57:00,264.9,264.95,264.55,264.65
7505,2024-05-03 11:00:00,264.55,264.6,263.85,263.85
7506,2024-05-03 11:03:00,263.9,264.9,263.65,264.85
7507,2024-05-03 11:06:00,264.7,265.4,264.7,265.3
7508,2024-05-03 11:09:00,265.25,266.1,265.2,265.5
7509,2024-05-03 11:12:00,265.55,265.55,264.9,264.95
7510,2024-05-03 11:15:00,264.9,265.75,264.65,265.7
7511,2024-05-03 11:18:00,265.75,265.85,265.1,265.4
7512,2024-05-03 11:21:00,265.35,265.5,264.7,264.85
7513,2024-05-03 11:24:00,264.7,265.4,264.5,264.85
7514,2024-05-03 11:27:00,264.75,265.1,264.0,264.0
7515,2024-05-03 11:30:00,263.95,264.05,263.2,263.35
7516,2024-05-03 11:33:00,263.5,263.5,263.0,263.15
7517,2024-05-03 11:36:00,263.1,263.9,263.0,263.6
7518,2024-05-03 11:39:00,263.5,264.2,263.3,264.2
7519,2024-05-03 11:42:00,264.1,264.85,264.1,264.6
7520,2024-05-03 11:45:00,264.55,264.75,263.8,264.1
7521,2024-05-03 11:48:00,264.15,264.5,263.35,263.5
7522,2024-05-03 11:51:00,263.4,263.5,263.0,263.05
7523,2024-05-03 11:54:00,263.0,263.75,263.0,263.3
7524,2024-05-03 11:57:00,263.15,263.5,263.1,263.15
7525,2024-05-03 12:00:00,263.1,263.35,263.0,263.15
7526,2024-05-03 12:03:00,263.25,263.45,263.0,263.15
7527,2024-05-03 12:06:00,263.1,264.15,263.0,264.0
7528,2024-05-03 12:09:00,264.1,264.1,263.0,263.05
7529,2024-05-03 12:12:00,263.0,263.8,263.0,263.45
7530,2024-05-03 12:15:00,263.35,264.5,263.25,264.35
7531,2024-05-03 12:18:00,264.3,264.4,263.95,264.35
7532,2024-05-03 12:21:00,264.25,264.75,264.2,264.7
7533,2024-05-03 12:24:00,264.65,265.35,264.65,265.15
7534,2024-05-03 12:27:00,265.2,265.4,264.8,265.1
7535,2024-05-03 12:30:00,265.25,265.35,264.6,265.0
7536,2024-05-03 12:33:00,264.95,265.6,264.8,265.35
7537,2024-05-03 12:36:00,265.3,267.1,265.3,266.9
7538,2024-05-03 12:39:00,267.0,267.8,266.85,267.2
7539,2024-05-03 12:42:00,267.05,267.2,266.5,266.5
7540,2024-05-03 12:45:00,266.6,267.05,266.5,266.9
7541,2024-05-03 12:48:00,266.95,266.95,265.9,265.9
7542,2024-05-03 12:51:00,266.0,266.0,264.9,265.1
7543,2024-05-03 12:54:00,265.0,266.15,265.0,266.0
7544,2024-05-03 12:57:00,266.05,266.5,265.7,266.25
7545,2024-05-03 13:00:00,266.15,266.25,265.75,265.85
7546,2024-05-03 13:03:00,265.9,266.35,265.8,266.2
7547,2024-05-03 13:06:00,266.3,266.9,265.95,266.85
7548,2024-05-03 13:09:00,266.7,267.0,266.25,266.3
7549,2024-05-03 13:12:00,266.25,267.2,266.25,266.95
7550,2024-05-03 13:15:00,266.9,267.0,266.5,266.6
7551,2024-05-03 13:18:00,266.55,267.25,266.5,266.95
7552,2024-05-03 13:21:00,266.9,267.2,266.35,267.2
7553,2024-05-03 13:24:00,267.1,267.25,266.8,267.25
7554,2024-05-03 13:27:00,267.2,268.2,267.2,267.8
7555,2024-05-03 13:30:00,267.6,268.2,267.1,267.7
7556,2024-05-03 13:33:00,267.6,268.2,267.1,267.85
7557,2024-05-03 13:36:00,267.8,268.15,267.2,267.35
7558,2024-05-03 13:39:00,267.3,267.7,267.1,267.6
7559,2024-05-03 13:42:00,267.45,268.0,267.05,267.2
7560,2024-05-03 13:45:00,267.15,267.4,267.0,267.1
7561,2024-05-03 13:48:00,267.05,267.7,267.0,267.25
7562,2024-05-03 13:51:00,267.1,267.15,266.0,266.2
7563,2024-05-03 13:54:00,266.05,267.7,266.0,267.6
7564,2024-05-03 13:57:00,267.4,268.6,267.3,267.4
7565,2024-05-03 14:00:00,267.35,268.1,267.2,267.5
7566,2024-05-03 14:03:00,267.6,268.0,267.5,267.9
7567,2024-05-03 14:06:00,267.8,268.2,267.45,267.55
7568,2024-05-03 14:09:00,267.5,267.6,266.9,267.6
7569,2024-05-03 14:12:00,267.55,268.0,267.5,267.7
7570,2024-05-03 14:15:00,267.6,268.0,267.25,267.7
7571,2024-05-03 14:18:00,267.75,267.85,267.0,267.15
7572,2024-05-03 14:21:00,267.05,267.25,266.55,266.9
7573,2024-05-03 14:24:00,267.0,267.05,266.05,266.05
7574,2024-05-03 14:27:00,266.1,267.15,266.0,267.05
7575,2024-05-03 14:30:00,267.1,268.2,267.1,268.15
7576,2024-05-03 14:33:00,268.1,268.9,268.05,268.4
7577,2024-05-03 14:36:00,268.45,268.45,267.7,268.0
7578,2024-05-03 14:39:00,268.1,268.25,267.8,267.9
7579,2024-05-03 14:42:00,267.95,268.15,267.85,268.0
7580,2024-05-03 14:45:00,267.9,268.35,267.9,268.25
7581,2024-05-03 14:48:00,268.2,268.25,267.6,267.85
7582,2024-05-03 14:51:00,267.8,268.0,267.4,267.4
7583,2024-05-03 14:54:00,267.5,267.7,267.3,267.55
7584,2024-05-03 14:57:00,267.5,268.15,267.5,267.95
7585,2024-05-03 15:00:00,268.0,268.35,267.6,268.15
7586,2024-05-03 15:03:00,268.1,268.5,267.75,268.4
7587,2024-05-03 15:06:00,268.35,268.7,268.0,268.3
7588,2024-05-03 15:09:00,268.4,268.6,268.15,268.45
7589,2024-05-03 15:12:00,268.4,269.9,268.25,269.55
7590,2024-05-03 15:15:00,269.6,269.6,268.8,269.0
7591,2024-05-03 15:18:00,269.05,269.6,268.6,269.35
7592,2024-05-03 15:21:00,269.4,269.55,269.05,269.1
7593,2024-05-03 15:24:00,269.05,269.35,268.8,269.0
7594,2024-05-03 15:27:00,269.1,269.3,268.55,269.0
7595,2024-05-06 09:15:00,271.15,271.4,268.95,269.15
7596,2024-05-06 09:18:00,269.25,269.9,267.85,268.0
7597,2024-05-06 09:21:00,268.25,268.6,266.55,266.65
7598,2024-05-06 09:24:00,266.55,267.85,266.1,266.75
7599,2024-05-06 09:27:00,266.65,266.65,265.05,266.6
7600,2024-05-06 09:30:00,266.5,266.95,265.2,265.65
7601,2024-05-06 09:33:00,265.85,265.85,263.85,263.9
7602,2024-05-06 09:36:00,264.0,264.0,260.65,261.0
7603,2024-05-06 09:39:00,261.1,261.95,259.85,260.4
7604,2024-05-06 09:42:00,260.35,263.4,258.2,263.4
7605,2024-05-06 09:45:00,263.15,263.75,261.5,261.7
7606,2024-05-06 09:48:00,261.65,263.0,261.2,261.3
7607,2024-05-06 09:51:00,261.05,261.35,260.3,260.95
7608,2024-05-06 09:54:00,260.8,262.6,260.3,261.5
7609,2024-05-06 09:57:00,261.45,262.5,260.8,261.75
7610,2024-05-06 10:00:00,261.85,262.25,260.75,261.5
7611,2024-05-06 10:03:00,261.35,262.5,261.0,262.4
7612,2024-05-06 10:06:00,262.35,262.7,261.05,261.3
7613,2024-05-06 10:09:00,261.15,261.65,260.1,261.65
7614,2024-05-06 10:12:00,261.7,261.9,260.5,261.15
7615,2024-05-06 10:15:00,261.25,261.25,259.55,260.4
7616,2024-05-06 10:18:00,260.45,261.7,259.7,260.5
7617,2024-05-06 10:21:00,260.2,264.05,260.1,262.85
7618,2024-05-06 10:24:00,262.8,263.6,262.35,263.45
7619,2024-05-06 10:27:00,263.5,264.95,263.45,264.8
7620,2024-05-06 10:30:00,264.65,265.5,264.55,265.4
7621,2024-05-06 10:33:00,265.35,265.7,264.65,265.5
7622,2024-05-06 10:36:00,265.4,266.15,264.8,266.0
7623,2024-05-06 10:39:00,265.9,266.45,265.4,265.7
7624,2024-05-06 10:42:00,265.65,265.75,265.2,265.25
7625,2024-05-06 10:45:00,265.3,265.5,264.85,265.5
7626,2024-05-06 10:48:00,265.55,267.15,265.25,266.95
7627,2024-05-06 10:51:00,266.9,267.3,266.5,267.2
7628,2024-05-06 10:54:00,267.15,267.45,266.8,267.25
7629,2024-05-06 10:57:00,267.2,267.4,266.75,267.25
7630,2024-05-06 11:00:00,267.35,267.7,267.0,267.45
7631,2024-05-06 11:03:00,267.55,268.1,267.3,267.9
7632,2024-05-06 11:06:00,267.85,268.0,267.3,267.35
7633,2024-05-06 11:09:00,267.25,268.0,266.75,267.3
7634,2024-05-06 11:12:00,267.25,268.05,266.75,266.85
7635,2024-05-06 11:15:00,266.6,268.35,266.6,268.15
7636,2024-05-06 11:18:00,268.1,268.15,267.55,267.85
7637,2024-05-06 11:21:00,267.75,267.75,267.0,267.0
7638,2024-05-06 11:24:00,266.8,267.5,266.5,267.5
7639,2024-05-06 11:27:00,267.4,268.25,267.4,268.0
7640,2024-05-06 11:30:00,268.1,268.1,267.25,267.35
7641,2024-05-06 11:33:00,267.25,267.55,266.85,267.5
7642,2024-05-06 11:36:00,267.45,268.7,267.45,268.65
7643,2024-05-06 11:39:00,268.5,269.0,267.55,267.8
7644,2024-05-06 11:42:00,267.95,269.0,267.8,268.8
7645,2024-05-06 11:45:00,268.6,268.8,268.1,268.4
7646,2024-05-06 11:48:00,268.15,268.45,268.05,268.3
7647,2024-05-06 11:51:00,268.2,269.0,268.2,268.9
7648,2024-05-06 11:54:00,268.95,268.95,268.35,268.65
7649,2024-05-06 11:57:00,268.7,269.3,268.55,269.25
7650,2024-05-06 12:00:00,269.3,269.3,268.75,269.2
7651,2024-05-06 12:03:00,269.15,269.7,269.05,269.6
7652,2024-05-06 12:06:00,269.5,270.1,269.3,269.9
7653,2024-05-06 12:09:00,269.8,270.8,269.8,270.8
7654,2024-05-06 12:12:00,270.9,273.2,270.9,271.95
7655,2024-05-06 12:15:00,272.0,272.85,271.55,272.1
7656,2024-05-06 12:18:00,272.0,272.1,271.0,271.25
7657,2024-05-06 12:21:00,271.45,271.55,270.4,270.6
7658,2024-05-06 12:24:00,270.65,270.95,269.85,270.5
7659,2024-05-06 12:27:00,270.55,271.9,270.55,271.4
7660,2024-05-06 12:30:00,271.35,271.4,270.05,270.85
7661,2024-05-06 12:33:00,270.9,271.25,270.6,270.7
7662,2024-05-06 12:36:00,270.6,270.75,269.5,269.65
7663,2024-05-06 12:39:00,269.5,270.0,269.05,269.35
7664,2024-05-06 12:42:00,269.2,270.0,268.8,270.0
7665,2024-05-06 12:45:00,269.9,270.7,269.75,270.4
7666,2024-05-06 12:48:00,270.45,270.45,269.5,270.05
7667,2024-05-06 12:51:00,270.0,270.0,269.1,269.9
7668,2024-05-06 12:54:00,269.85,269.95,269.1,269.5
7669,2024-05-06 12:57:00,269.45,270.5,269.45,269.8
7670,2024-05-06 13:00:00,269.85,269.85,269.05,269.1
7671,2024-05-06 13:03:00,269.15,269.35,268.65,269.15
7672,2024-05-06 13:06:00,269.1,269.35,268.45,268.45
7673,2024-05-06 13:09:00,268.5,268.65,267.8,268.3
7674,2024-05-06 13:12:00,268.35,268.95,268.25,268.35
7675,2024-05-06 13:15:00,268.3,268.95,268.05,268.95
7676,2024-05-06 13:18:00,268.85,269.25,268.35,268.5
7677,2024-05-06 13:21:00,268.35,268.6,267.4,267.8
7678,2024-05-06 13:24:00,267.95,268.1,267.05,268.0
7679,2024-05-06 13:27:00,267.95,268.1,266.85,266.95
7680,2024-05-06 13:30:00,266.9,267.3,265.8,267.15
7681,2024-05-06 13:33:00,267.1,267.65,266.7,267.2
7682,2024-05-06 13:36:00,267.05,267.75,267.0,267.7
7683,2024-05-06 13:39:00,267.55,268.5,267.5,268.5
7684,2024-05-06 13:42:00,268.35,269.85,268.15,269.85
7685,2024-05-06 13:45:00,269.8,270.2,268.85,269.25
7686,2024-05-06 13:48:00,269.15,269.3,268.5,268.75
7687,2024-05-06 13:51:00,268.65,269.05,268.25,268.5
7688,2024-05-06 13:54:00,268.6,268.65,267.75,267.95
7689,2024-05-06 13:57:00,268.1,268.1,267.55,267.65
7690,2024-05-06 14:00:00,267.55,267.8,267.0,267.8
7691,2024-05-06 14:03:00,267.75,268.65,267.55,268.25
7692,2024-05-06 14:06:00,268.2,268.25,267.6,267.6
7693,2024-05-06 14:09:00,267.75,268.4,267.6,268.25
7694,2024-05-06 14:12:00,268.35,268.4,267.85,267.85
7695,2024-05-06 14:15:00,267.8,267.9,267.4,267.55
7696,2024-05-06 14:18:00,267.65,268.8,267.5,268.6
7697,2024-05-06 14:21:00,268.55,269.4,268.55,268.9
7698,2024-05-06 14:24:00,269.1,269.5,268.9,269.35
7699,2024-05-06 14:27:00,269.2,269.35,268.3,268.35
7700,2024-05-06 14:30:00,268.45,268.8,267.85,268.0
7701,2024-05-06 14:33:00,267.9,268.15,266.6,267.0
7702,2024-05-06 14:36:00,266.95,267.75,266.9,267.4
7703,2024-05-06 14:39:00,267.45,268.15,267.4,267.5
7704,2024-05-06 14:42:00,267.55,269.25,267.5,269.15
7705,2024-05-06 14:45:00,269.2,271.0,269.2,270.75
7706,2024-05-06 14:48:00,270.65,271.4,270.2,271.25
7707,2024-05-06 14:51:00,271.2,271.25,269.7,269.8
7708,2024-05-06 14:54:00,269.9,269.9,269.2,269.5
7709,2024-05-06 14:57:00,269.3,270.1,269.3,269.55
7710,2024-05-06 15:00:00,269.5,269.95,268.8,269.95
7711,2024-05-06 15:03:00,270.0,270.75,269.8,270.1
7712,2024-05-06 15:06:00,270.0,270.35,269.4,269.75
7713,2024-05-06 15:09:00,269.7,270.25,269.6,269.8
7714,2024-05-06 15:12:00,269.9,269.95,269.1,269.45
7715,2024-05-06 15:15:00,269.35,269.55,268.75,268.75
7716,2024-05-06 15:18:00,268.9,269.0,268.2,268.7
7717,2024-05-06 15:21:00,268.8,269.35,268.75,269.35
7718,2024-05-06 15:24:00,269.4,269.8,269.0,269.05
7719,2024-05-06 15:27:00,269.0,269.4,268.45,268.5
7720,2024-05-07 09:15:00,269.65,269.65,265.65,267.15
7721,2024-05-07 09:18:00,267.3,267.3,265.25,266.4
7722,2024-05-07 09:21:00,266.45,268.45,266.0,267.7
7723,2024-05-07 09:24:00,267.85,267.85,266.75,267.8
7724,2024-05-07 09:27:00,267.95,269.25,267.4,267.95
7725,2024-05-07 09:30:00,267.9,267.9,266.0,266.55
7726,2024-05-07 09:33:00,266.65,268.0,266.05,266.1
7727,2024-05-07 09:36:00,266.05,267.15,266.0,266.1
7728,2024-05-07 09:39:00,266.15,266.55,265.1,266.3
7729,2024-05-07 09:42:00,266.35,266.5,265.5,265.75
7730,2024-05-07 09:45:00,265.7,266.35,265.3,266.25
7731,2024-05-07 09:48:00,266.2,266.85,265.9,266.6
7732,2024-05-07 09:51:00,266.55,267.2,265.95,266.4
7733,2024-05-07 09:54:00,266.35,266.5,265.9,266.05
7734,2024-05-07 09:57:00,265.95,266.75,265.6,265.6
7735,2024-05-07 10:00:00,265.7,265.95,265.5,265.7
7736,2024-05-07 10:03:00,265.6,265.75,265.05,265.5
7737,2024-05-07 10:06:00,265.25,266.6,265.2,266.6
7738,2024-05-07 10:09:00,266.5,266.75,265.6,265.9
7739,2024-05-07 10:12:00,266.0,266.0,265.4,265.55
7740,2024-05-07 10:15:00,265.5,265.85,265.25,265.85
7741,2024-05-07 10:18:00,265.75,265.9,265.25,265.3
7742,2024-05-07 10:21:00,265.5,265.8,265.3,265.45
7743,2024-05-07 10:24:00,265.35,265.6,264.9,265.5
7744,2024-05-07 10:27:00,265.45,265.6,264.9,265.2
7745,2024-05-07 10:30:00,265.3,265.85,265.15,265.5
7746,2024-05-07 10:33:00,265.35,265.75,265.25,265.45
7747,2024-05-07 10:36:00,265.4,265.6,264.9,265.6
7748,2024-05-07 10:39:00,265.4,265.65,265.25,265.3
7749,2024-05-07 10:42:00,265.25,265.8,265.25,265.3
7750,2024-05-07 10:45:00,265.35,265.75,265.1,265.3
7751,2024-05-07 10:48:00,265.2,265.5,265.0,265.5
7752,2024-05-07 10:51:00,265.4,265.55,264.8,264.8
7753,2024-05-07 10:54:00,264.75,265.4,264.7,265.2
7754,2024-05-07 10:57:00,265.15,266.4,265.15,266.2
7755,2024-05-07 11:00:00,266.1,266.1,265.0,265.4
7756,2024-05-07 11:03:00,265.35,265.35,263.75,263.9
7757,2024-05-07 11:06:00,263.75,264.35,263.55,263.65
7758,2024-05-07 11:09:00,263.55,263.95,263.3,263.45
7759,2024-05-07 11:12:00,263.65,264.15,263.4,263.4
7760,2024-05-07 11:15:00,263.55,263.6,262.9,263.0
7761,2024-05-07 11:18:00,263.05,263.45,262.05,262.6
7762,2024-05-07 11:21:00,262.5,263.0,261.8,261.85
7763,2024-05-07 11:24:00,261.9,262.2,260.75,260.75
7764,2024-05-07 11:27:00,260.9,261.65,260.75,260.95
7765,2024-05-07 11:30:00,261.0,261.95,261.0,261.25
7766,2024-05-07 11:33:00,261.45,261.5,260.3,260.5
7767,2024-05-07 11:36:00,260.55,260.55,259.5,259.7
7768,2024-05-07 11:39:00,259.6,261.2,259.25,261.15
7769,2024-05-07 11:42:00,260.95,261.15,260.15,260.7
7770,2024-05-07 11:45:00,260.65,261.95,260.5,261.8
7771,2024-05-07 11:48:00,261.85,262.0,261.25,261.55
7772,2024-05-07 11:51:00,261.7,261.7,260.8,261.55
7773,2024-05-07 11:54:00,261.5,262.8,261.45,261.85
7774,2024-05-07 11:57:00,261.8,262.25,261.05,261.2
7775,2024-05-07 12:00:00,261.05,261.15,260.65,261.0
7776,2024-05-07 12:03:00,260.5,261.5,260.5,261.2
7777,2024-05-07 12:06:00,261.35,261.75,261.0,261.0
7778,2024-05-07 12:09:00,261.05,261.7,261.0,261.7
7779,2024-05-07 12:12:00,261.65,262.2,261.3,261.4
7780,2024-05-07 12:15:00,261.3,262.7,261.15,262.55
7781,2024-05-07 12:18:00,262.6,262.95,262.4,262.85
7782,2024-05-07 12:21:00,262.75,262.8,262.35,262.7
7783,2024-05-07 12:24:00,262.65,263.35,262.65,262.85
7784,2024-05-07 12:27:00,262.8,262.95,262.0,262.35
7785,2024-05-07 12:30:00,262.5,262.65,261.75,261.95
7786,2024-05-07 12:33:00,261.85,262.2,260.85,261.0
7787,2024-05-07 12:36:00,261.05,261.1,260.1,260.35
7788,2024-05-07 12:39:00,260.4,260.6,259.6,260.0
7789,2024-05-07 12:42:00,259.9,260.5,259.7,259.7
7790,2024-05-07 12:45:00,259.85,260.25,259.6,259.85
7791,2024-05-07 12:48:00,259.8,259.9,259.35,259.5
7792,2024-05-07 12:51:00,259.45,259.5,259.05,259.15
7793,2024-05-07 12:54:00,259.3,259.75,258.75,259.75
7794,2024-05-07 12:57:00,259.7,260.15,259.15,260.05
7795,2024-05-07 13:00:00,260.1,260.3,259.75,259.75
7796,2024-05-07 13:03:00,259.7,259.9,259.0,259.7
7797,2024-05-07 13:06:00,259.75,259.9,259.3,259.3
7798,2024-05-07 13:09:00,259.45,259.7,259.2,259.5
7799,2024-05-07 13:12:00,259.45,259.5,258.3,258.4
7800,2024-05-07 13:15:00,258.3,259.05,258.25,258.95
7801,2024-05-07 13:18:00,258.85,259.85,258.5,259.7
7802,2024-05-07 13:21:00,259.6,261.25,259.5,260.05
7803,2024-05-07 13:24:00,260.0,260.15,259.4,260.0
7804,2024-05-07 13:27:00,260.1,260.85,259.9,260.7
7805,2024-05-07 13:30:00,260.85,261.15,260.25,260.95
7806,2024-05-07 13:33:00,261.1,261.2,260.75,260.85
7807,2024-05-07 13:36:00,260.95,262.0,260.85,261.85
7808,2024-05-07 13:39:00,261.8,262.3,261.75,262.3
7809,2024-05-07 13:42:00,262.35,262.95,262.15,262.65
7810,2024-05-07 13:45:00,262.6,263.4,262.3,263.2
7811,2024-05-07 13:48:00,263.15,263.25,261.95,261.95
7812,2024-05-07 13:51:00,261.85,262.4,261.8,261.9
7813,2024-05-07 13:54:00,262.0,262.45,261.7,261.8
7814,2024-05-07 13:57:00,261.9,262.65,261.8,262.2
7815,2024-05-07 14:00:00,262.1,262.85,262.05,262.75
7816,2024-05-07 14:03:00,262.85,262.95,262.35,262.4
7817,2024-05-07 14:06:00,262.5,263.05,262.35,263.05
7818,2024-05-07 14:09:00,263.0,263.1,262.3,262.4
7819,2024-05-07 14:12:00,262.3,262.8,262.25,262.7
7820,2024-05-07 14:15:00,262.75,262.8,261.9,261.9
7821,2024-05-07 14:18:00,261.95,262.55,261.75,262.4
7822,2024-05-07 14:21:00,262.35,262.4,260.75,261.15
7823,2024-05-07 14:24:00,261.05,261.45,260.8,261.0
7824,2024-05-07 14:27:00,261.05,261.55,260.9,261.05
7825,2024-05-07 14:30:00,261.0,262.25,261.0,262.2
7826,2024-05-07 14:33:00,262.15,262.7,262.0,262.4
7827,2024-05-07 14:36:00,262.5,262.7,262.25,262.45
7828,2024-05-07 14:39:00,262.35,262.5,261.75,262.35
7829,2024-05-07 14:42:00,262.2,262.35,261.55,261.7
7830,2024-05-07 14:45:00,261.8,261.9,261.45,261.9
7831,2024-05-07 14:48:00,261.85,262.4,261.55,262.25
7832,2024-05-07 14:51:00,262.2,262.2,261.2,261.45
7833,2024-05-07 14:54:00,261.4,261.45,260.8,261.0
7834,2024-05-07 14:57:00,261.1,261.1,259.85,259.85
7835,2024-05-07 15:00:00,259.95,261.0,259.95,260.65
7836,2024-05-07 15:03:00,260.6,261.0,260.15,260.2
7837,2024-05-07 15:06:00,260.25,260.25,259.45,259.45
7838,2024-05-07 15:09:00,259.55,261.4,259.35,260.7
7839,2024-05-07 15:12:00,260.65,261.25,260.55,260.9
7840,2024-05-07 15:15:00,261.0,261.0,260.55,260.75
7841,2024-05-07 15:18:00,260.7,261.55,260.05,261.15
7842,2024-05-07 15:21:00,261.2,261.75,261.0,261.35
7843,2024-05-07 15:24:00,261.4,261.6,261.0,261.5
7844,2024-05-07 15:27:00,261.55,262.05,261.25,261.4
7845,2024-05-08 09:15:00,258.9,263.9,258.6,262.1
7846,2024-05-08 09:18:00,262.25,263.8,261.7,262.55
7847,2024-05-08 09:21:00,262.75,265.2,262.65,264.35
7848,2024-05-08 09:24:00,264.45,265.8,264.25,265.05
7849,2024-05-08 09:27:00,265.1,265.5,264.05,264.5
7850,2024-05-08 09:30:00,264.65,266.35,264.35,266.3
7851,2024-05-08 09:33:00,266.25,267.2,265.8,266.9
7852,2024-05-08 09:36:00,267.0,267.7,266.75,267.15
7853,2024-05-08 09:39:00,267.25,267.45,266.05,266.35
7854,2024-05-08 09:42:00,266.15,266.95,266.1,266.55
7855,2024-05-08 09:45:00,266.6,267.9,266.4,267.7
7856,2024-05-08 09:48:00,267.8,268.0,267.25,268.0
7857,2024-05-08 09:51:00,268.1,268.3,266.7,267.15
7858,2024-05-08 09:54:00,266.95,267.3,266.15,267.0
7859,2024-05-08 09:57:00,266.9,267.1,266.5,267.0
7860,2024-05-08 10:00:00,267.1,267.7,267.0,267.45
7861,2024-05-08 10:03:00,267.25,267.5,266.85,267.0
7862,2024-05-08 10:06:00,267.1,267.2,266.5,266.5
7863,2024-05-08 10:09:00,266.55,266.8,266.35,266.7
7864,2024-05-08 10:12:00,266.65,266.7,266.0,266.35
7865,2024-05-08 10:15:00,266.25,266.95,266.2,266.75
7866,2024-05-08 10:18:00,266.6,267.1,266.6,266.8
7867,2024-05-08 10:21:00,266.65,266.8,265.4,266.0
7868,2024-05-08 10:24:00,266.05,266.45,265.25,265.5
7869,2024-05-08 10:27:00,265.55,265.75,264.9,265.1
7870,2024-05-08 10:30:00,265.05,265.75,265.05,265.5
7871,2024-05-08 10:33:00,265.55,265.95,265.0,265.0
7872,2024-05-08 10:36:00,265.05,265.95,265.05,265.85
7873,2024-05-08 10:39:00,265.6,265.85,265.25,265.5
7874,2024-05-08 10:42:00,265.6,265.8,265.25,265.75
7875,2024-05-08 10:45:00,265.65,266.45,265.65,266.45
7876,2024-05-08 10:48:00,266.35,266.45,265.95,266.1
7877,2024-05-08 10:51:00,266.05,266.05,265.3,265.5
7878,2024-05-08 10:54:00,265.4,266.65,265.4,266.6
7879,2024-05-08 10:57:00,266.5,266.95,266.3,266.4
7880,2024-05-08 11:00:00,266.3,266.4,266.0,266.3
7881,2024-05-08 11:03:00,266.35,266.9,266.05,266.6
7882,2024-05-08 11:06:00,266.5,266.8,266.35,266.45
7883,2024-05-08 11:09:00,266.3,266.65,266.2,266.3
7884,2024-05-08 11:12:00,266.25,266.55,266.2,266.5
7885,2024-05-08 11:15:00,266.35,266.5,266.2,266.25
7886,2024-05-08 11:18:00,266.3,266.75,266.15,266.25
7887,2024-05-08 11:21:00,266.2,266.35,266.15,266.35
7888,2024-05-08 11:24:00,266.3,266.7,266.25,266.4
7889,2024-05-08 11:27:00,266.45,267.15,266.4,267.0
7890,2024-05-08 11:30:00,267.1,267.2,266.75,266.8
7891,2024-05-08 11:33:00,266.9,267.15,266.6,267.0
7892,2024-05-08 11:36:00,266.9,267.9,266.9,267.75
7893,2024-05-08 11:39:00,267.9,268.3,267.8,267.95
7894,2024-05-08 11:42:00,268.0,268.1,267.65,267.75
7895,2024-05-08 11:45:00,267.95,268.0,267.5,267.75
7896,2024-05-08 11:48:00,267.65,267.85,267.4,267.5
7897,2024-05-08 11:51:00,267.45,267.5,266.8,266.95
7898,2024-05-08 11:54:00,266.85,267.5,266.85,267.45
7899,2024-05-08 11:57:00,267.4,267.4,267.0,267.0
7900,2024-05-08 12:00:00,266.85,267.2,266.8,266.9
7901,2024-05-08 12:03:00,266.75,266.95,266.6,266.75
7902,2024-05-08 12:06:00,266.85,266.85,266.4,266.6
7903,2024-05-08 12:09:00,266.55,267.15,266.55,267.05
7904,2024-05-08 12:12:00,267.1,267.3,266.95,267.25
7905,2024-05-08 12:15:00,267.1,267.25,267.05,267.15
7906,2024-05-08 12:18:00,267.1,267.75,267.1,267.65
7907,2024-05-08 12:21:00,267.7,267.75,267.3,267.65
7908,2024-05-08 12:24:00,267.55,267.65,267.3,267.35
7909,2024-05-08 12:27:00,267.3,267.4,266.85,267.05
7910,2024-05-08 12:30:00,267.0,267.5,266.9,267.05
7911,2024-05-08 12:33:00,266.95,267.05,266.7,266.9
7912,2024-05-08 12:36:00,266.8,267.45,266.8,267.4
7913,2024-05-08 12:39:00,267.35,267.5,267.05,267.15
7914,2024-05-08 12:42:00,267.25,267.4,267.05,267.15
7915,2024-05-08 12:45:00,267.05,267.6,267.05,267.55
7916,2024-05-08 12:48:00,267.6,268.4,267.5,268.25
7917,2024-05-08 12:51:00,268.1,268.3,267.8,267.85
7918,2024-05-08 12:54:00,267.9,268.05,267.3,267.5
7919,2024-05-08 12:57:00,267.4,267.65,267.1,267.3
7920,2024-05-08 13:00:00,267.2,267.35,267.05,267.2
7921,2024-05-08 13:03:00,267.0,267.0,266.25,266.4
7922,2024-05-08 13:06:00,266.5,266.85,266.35,266.8
7923,2024-05-08 13:09:00,266.75,267.0,266.75,267.0
7924,2024-05-08 13:12:00,266.95,267.1,266.7,266.9
7925,2024-05-08 13:15:00,266.8,267.3,266.8,267.2
7926,2024-05-08 13:18:00,267.1,267.65,267.1,267.65
7927,2024-05-08 13:21:00,267.55,267.95,267.45,267.85
7928,2024-05-08 13:24:00,267.9,267.9,267.6,267.9
7929,2024-05-08 13:27:00,268.0,268.1,267.4,267.5
7930,2024-05-08 13:30:00,267.4,267.6,267.2,267.2
7931,2024-05-08 13:33:00,267.15,267.2,266.6,266.75
7932,2024-05-08 13:36:00,266.65,266.75,265.85,266.3
7933,2024-05-08 13:39:00,266.35,266.75,266.3,266.5
7934,2024-05-08 13:42:00,266.4,266.5,266.05,266.1
7935,2024-05-08 13:45:00,266.15,266.15,265.6,265.7
7936,2024-05-08 13:48:00,265.6,265.65,265.0,265.05
7937,2024-05-08 13:51:00,265.15,266.15,265.15,266.0
7938,2024-05-08 13:54:00,266.05,266.25,265.35,266.25
7939,2024-05-08 13:57:00,266.2,266.2,265.65,265.95
7940,2024-05-08 14:00:00,265.85,266.4,265.8,266.05
7941,2024-05-08 14:03:00,266.0,266.3,265.55,265.55
7942,2024-05-08 14:06:00,265.65,265.95,265.5,265.6
7943,2024-05-08 14:09:00,265.5,265.75,265.2,265.5
7944,2024-05-08 14:12:00,265.45,265.65,264.75,264.8
7945,2024-05-08 14:15:00,264.9,265.1,264.5,264.85
7946,2024-05-08 14:18:00,264.7,264.85,264.15,264.45
7947,2024-05-08 14:21:00,264.4,264.5,264.0,264.35
7948,2024-05-08 14:24:00,264.3,264.75,264.2,264.7
7949,2024-05-08 14:27:00,264.65,264.85,264.2,264.35
7950,2024-05-08 14:30:00,264.4,265.5,264.4,265.35
7951,2024-05-08 14:33:00,265.45,265.9,265.3,265.7
7952,2024-05-08 14:36:00,265.6,265.8,265.05,265.3
7953,2024-05-08 14:39:00,265.2,265.65,265.05,265.45
7954,2024-05-08 14:42:00,265.55,266.5,265.45,266.2
7955,2024-05-08 14:45:00,266.25,266.25,265.3,265.5
7956,2024-05-08 14:48:00,265.55,266.0,265.5,266.0
7957,2024-05-08 14:51:00,265.9,266.3,265.9,266.15
7958,2024-05-08 14:54:00,266.2,266.25,265.65,265.7
7959,2024-05-08 14:57:00,265.8,266.15,265.4,266.0
7960,2024-05-08 15:00:00,266.15,266.8,266.05,266.4
7961,2024-05-08 15:03:00,266.3,266.8,266.05,266.1
7962,2024-05-08 15:06:00,266.2,266.35,265.85,266.05
7963,2024-05-08 15:09:00,266.15,266.45,265.85,266.4
7964,2024-05-08 15:12:00,266.5,266.9,266.35,266.7
7965,2024-05-08 15:15:00,266.75,267.2,266.7,267.05
7966,2024-05-08 15:18:00,267.0,267.45,266.85,267.45
7967,2024-05-08 15:21:00,267.35,267.45,267.2,267.25
7968,2024-05-08 15:24:00,267.4,267.45,267.0,267.2
7969,2024-05-08 15:27:00,267.25,267.25,266.55,266.75
7970,2024-05-09 09:15:00,266.95,267.05,265.35,265.65
7971,2024-05-09 09:18:00,265.7,266.15,264.25,264.7
7972,2024-05-09 09:21:00,264.6,265.3,264.25,264.75
7973,2024-05-09 09:24:00,264.5,264.75,263.65,263.8
7974,2024-05-09 09:27:00,263.7,265.3,263.35,264.3
7975,2024-05-09 09:30:00,264.25,265.25,264.1,264.35
7976,2024-05-09 09:33:00,264.5,265.8,264.25,265.7
7977,2024-05-09 09:36:00,265.6,266.25,264.8,264.9
7978,2024-05-09 09:39:00,264.85,265.4,264.55,265.1
7979,2024-05-09 09:42:00,265.0,265.3,264.8,265.3
7980,2024-05-09 09:45:00,265.2,265.45,264.65,264.7
7981,2024-05-09 09:48:00,264.75,265.1,264.5,264.7
7982,2024-05-09 09:51:00,264.9,265.05,264.65,264.75
7983,2024-05-09 09:54:00,264.7,265.35,264.6,264.75
7984,2024-05-09 09:57:00,264.7,264.75,264.0,264.6
7985,2024-05-09 10:00:00,264.7,265.0,264.5,264.5
7986,2024-05-09 10:03:00,264.45,264.45,264.0,264.2
7987,2024-05-09 10:06:00,264.15,264.5,264.05,264.15
7988,2024-05-09 10:09:00,264.1,264.1,263.25,263.7
7989,2024-05-09 10:12:00,263.65,263.75,263.15,263.3
7990,2024-05-09 10:15:00,263.15,263.8,263.1,263.55
7991,2024-05-09 10:18:00,263.6,263.9,263.5,263.8
7992,2024-05-09 10:21:00,263.9,264.0,263.35,263.8
7993,2024-05-09 10:24:00,263.75,263.75,263.1,263.1
7994,2024-05-09 10:27:00,263.2,263.8,263.2,263.8
7995,2024-05-09 10:30:00,263.75,263.75,263.15,263.3
7996,2024-05-09 10:33:00,263.4,263.4,263.0,263.05
7997,2024-05-09 10:36:00,263.1,263.35,262.8,262.95
7998,2024-05-09 10:39:00,262.9,263.1,262.6,262.7
7999,2024-05-09 10:42:00,262.6,262.95,262.55,262.55
8000,2024-05-09 10:45:00,262.6,262.95,262.15,262.4
8001,2024-05-09 10:48:00,262.45,262.8,262.2,262.8
8002,2024-05-09 10:51:00,262.75,262.8,262.15,262.8
8003,2024-05-09 10:54:00,262.75,262.85,262.0,262.15
8004,2024-05-09 10:57:00,262.25,262.95,262.15,262.45
8005,2024-05-09 11:00:00,262.5,262.5,261.55,261.7
8006,2024-05-09 11:03:00,261.65,261.95,261.3,261.7
8007,2024-05-09 11:06:00,261.75,261.75,261.05,261.25
8008,2024-05-09 11:09:00,261.3,261.45,260.7,260.85
8009,2024-05-09 11:12:00,260.95,261.35,260.8,261.0
8010,2024-05-09 11:15:00,261.1,261.25,260.8,261.0
8011,2024-05-09 11:18:00,260.95,261.45,260.8,260.95
8012,2024-05-09 11:21:00,260.9,261.5,260.85,261.1
8013,2024-05-09 11:24:00,261.2,261.2,260.5,260.6
8014,2024-05-09 11:27:00,260.65,261.4,260.65,261.0
8015,2024-05-09 11:30:00,261.1,261.1,260.4,260.5
8016,2024-05-09 11:33:00,260.4,261.15,260.4,261.05
8017,2024-05-09 11:36:00,261.15,261.85,261.05,261.65
8018,2024-05-09 11:39:00,261.6,262.3,261.4,262.3
8019,2024-05-09 11:42:00,262.2,262.5,261.85,262.35
8020,2024-05-09 11:45:00,262.5,263.0,262.25,262.8
8021,2024-05-09 11:48:00,262.85,263.15,262.4,262.4
8022,2024-05-09 11:51:00,262.35,262.5,261.85,261.95
8023,2024-05-09 11:54:00,261.9,262.0,261.55,261.8
8024,2024-05-09 11:57:00,261.7,262.5,261.7,261.85
8025,2024-05-09 12:00:00,262.0,262.0,261.2,261.25
8026,2024-05-09 12:03:00,261.2,261.75,261.2,261.7
8027,2024-05-09 12:06:00,261.65,261.8,261.2,261.2
8028,2024-05-09 12:09:00,261.3,261.3,260.85,260.95
8029,2024-05-09 12:12:00,260.9,261.25,260.75,261.15
8030,2024-05-09 12:15:00,261.2,261.75,260.9,260.9
8031,2024-05-09 12:18:00,261.0,261.6,261.0,261.35
8032,2024-05-09 12:21:00,261.3,261.45,261.1,261.4
8033,2024-05-09 12:24:00,261.45,261.45,260.8,260.8
8034,2024-05-09 12:27:00,260.85,260.85,260.5,260.75
8035,2024-05-09 12:30:00,260.7,260.75,260.35,260.5
8036,2024-05-09 12:33:00,260.6,260.9,260.4,260.9
8037,2024-05-09 12:36:00,261.0,261.0,260.15,260.3
8038,2024-05-09 12:39:00,260.25,260.3,259.85,259.95
8039,2024-05-09 12:42:00,259.9,260.0,259.4,259.5
8040,2024-05-09 12:45:00,259.55,260.0,259.5,259.65
8041,2024-05-09 12:48:00,259.55,259.65,259.4,259.4
8042,2024-05-09 12:51:00,259.45,259.5,258.8,258.8
8043,2024-05-09 12:54:00,258.85,259.0,258.5,258.6
8044,2024-05-09 12:57:00,258.65,258.75,258.1,258.15
8045,2024-05-09 13:00:00,258.1,258.75,257.8,258.35
8046,2024-05-09 13:03:00,258.3,259.35,258.2,259.3
8047,2024-05-09 13:06:00,259.2,259.6,258.8,258.85
8048,2024-05-09 13:09:00,258.8,259.2,258.0,258.1
8049,2024-05-09 13:12:00,258.05,258.2,257.55,257.65
8050,2024-05-09 13:15:00,257.85,257.95,256.85,257.2
8051,2024-05-09 13:18:00,257.35,257.35,256.0,256.05
8052,2024-05-09 13:21:00,256.2,256.3,255.7,256.0
8053,2024-05-09 13:24:00,256.05,256.85,255.8,256.7
8054,2024-05-09 13:27:00,256.65,257.25,256.4,257.0
8055,2024-05-09 13:30:00,257.1,257.25,256.5,256.65
8056,2024-05-09 13:33:00,256.7,256.8,256.25,256.35
8057,2024-05-09 13:36:00,256.3,256.85,256.2,256.8
8058,2024-05-09 13:39:00,256.7,257.65,256.65,257.1
8059,2024-05-09 13:42:00,257.05,257.1,256.4,256.6
8060,2024-05-09 13:45:00,256.55,257.85,256.4,257.7
8061,2024-05-09 13:48:00,257.75,257.75,256.95,257.0
8062,2024-05-09 13:51:00,256.9,257.25,256.7,256.85
8063,2024-05-09 13:54:00,256.95,256.95,256.2,256.4
8064,2024-05-09 13:57:00,256.35,256.6,256.0,256.05
8065,2024-05-09 14:00:00,256.0,256.05,255.3,255.75
8066,2024-05-09 14:03:00,255.7,256.25,255.4,256.15
8067,2024-05-09 14:06:00,256.2,257.3,255.95,257.15
8068,2024-05-09 14:09:00,257.1,257.9,256.9,257.15
8069,2024-05-09 14:12:00,257.1,257.25,256.35,256.55
8070,2024-05-09 14:15:00,256.5,256.65,256.0,256.6
8071,2024-05-09 14:18:00,256.55,256.6,256.1,256.1
8072,2024-05-09 14:21:00,256.05,256.3,255.8,256.0
8073,2024-05-09 14:24:00,255.95,256.5,255.75,256.4
8074,2024-05-09 14:27:00,256.35,256.75,255.5,255.7
8075,2024-05-09 14:30:00,255.65,255.75,255.45,255.5
8076,2024-05-09 14:33:00,255.45,255.55,254.75,254.85
8077,2024-05-09 14:36:00,254.95,255.2,254.2,254.25
8078,2024-05-09 14:39:00,254.3,254.65,254.1,254.4
8079,2024-05-09 14:42:00,254.35,254.4,253.1,253.35
8080,2024-05-09 14:45:00,253.15,254.25,253.1,254.2
8081,2024-05-09 14:48:00,254.1,255.3,253.8,255.25
8082,2024-05-09 14:51:00,255.3,255.4,254.4,255.1
8083,2024-05-09 14:54:00,255.05,255.05,253.95,254.15
8084,2024-05-09 14:57:00,254.0,254.1,253.45,253.6
8085,2024-05-09 15:00:00,253.7,254.1,253.3,253.65
8086,2024-05-09 15:03:00,253.6,253.6,253.05,253.2
8087,2024-05-09 15:06:00,253.15,253.65,253.05,253.65
8088,2024-05-09 15:09:00,253.6,253.9,253.1,253.3
8089,2024-05-09 15:12:00,253.25,253.3,252.5,252.65
8090,2024-05-09 15:15:00,252.6,253.0,251.9,252.2
8091,2024-05-09 15:18:00,252.25,253.25,252.0,252.7
8092,2024-05-09 15:21:00,252.85,253.45,252.75,253.1
8093,2024-05-09 15:24:00,253.05,253.25,252.7,253.1
8094,2024-05-09 15:27:00,253.15,254.1,253.0,253.0
8095,2024-05-10 09:15:00,253.5,256.0,253.5,255.5
8096,2024-05-10 09:18:00,255.65,255.85,252.7,253.65
8097,2024-05-10 09:21:00,253.85,254.9,252.7,254.4
8098,2024-05-10 09:24:00,254.45,255.2,253.4,254.8
8099,2024-05-10 09:27:00,254.7,255.0,254.1,254.45
8100,2024-05-10 09:30:00,254.4,254.9,252.15,252.7
8101,2024-05-10 09:33:00,252.85,253.05,250.7,251.15
8102,2024-05-10 09:36:00,251.1,251.35,249.25,249.5
8103,2024-05-10 09:39:00,249.55,250.5,248.5,250.0
8104,2024-05-10 09:42:00,250.1,253.8,250.1,253.8
8105,2024-05-10 09:45:00,253.85,254.7,251.45,251.55
8106,2024-05-10 09:48:00,251.75,253.15,251.1,251.5
8107,2024-05-10 09:51:00,251.4,253.9,251.15,253.2
8108,2024-05-10 09:54:00,253.4,253.7,252.45,252.65
8109,2024-05-10 09:57:00,252.75,253.55,252.45,253.25
8110,2024-05-10 10:00:00,253.3,254.25,252.75,253.0
8111,2024-05-10 10:03:00,252.6,253.6,252.05,253.6
8112,2024-05-10 10:06:00,253.5,254.4,253.45,254.35
8113,2024-05-10 10:09:00,254.25,254.4,253.7,253.9
8114,2024-05-10 10:12:00,254.05,254.5,253.85,254.5
8115,2024-05-10 10:15:00,254.4,255.65,254.25,255.65
8116,2024-05-10 10:18:00,255.5,255.9,255.1,255.5
8117,2024-05-10 10:21:00,255.55,255.55,254.55,255.05
8118,2024-05-10 10:24:00,255.1,255.1,254.7,255.0
8119,2024-05-10 10:27:00,254.95,255.0,254.0,254.0
8120,2024-05-10 10:30:00,254.15,254.95,254.05,254.5
8121,2024-05-10 10:33:00,254.4,255.25,254.3,254.85
8122,2024-05-10 10:36:00,254.8,255.25,254.4,255.15
8123,2024-05-10 10:39:00,255.25,255.8,254.85,255.0
8124,2024-05-10 10:42:00,254.85,255.3,254.8,255.1
8125,2024-05-10 10:45:00,255.2,255.45,254.3,254.6
8126,2024-05-10 10:48:00,254.65,255.4,254.5,255.1
8127,2024-05-10 10:51:00,255.0,255.0,254.1,254.25
8128,2024-05-10 10:54:00,254.1,254.9,253.7,254.6
8129,2024-05-10 10:57:00,254.7,254.75,254.25,254.65
8130,2024-05-10 11:00:00,254.5,254.5,253.45,253.6
8131,2024-05-10 11:03:00,253.5,253.9,253.2,253.65
8132,2024-05-10 11:06:00,253.7,254.8,253.65,254.8
8133,2024-05-10 11:09:00,254.7,255.8,254.7,254.8
8134,2024-05-10 11:12:00,254.95,255.45,254.85,254.95
8135,2024-05-10 11:15:00,254.8,255.05,254.8,254.95
8136,2024-05-10 11:18:00,254.85,255.7,254.7,255.6
8137,2024-05-10 11:21:00,255.7,256.45,255.6,256.0
8138,2024-05-10 11:24:00,256.05,256.7,256.0,256.65
8139,2024-05-10 11:27:00,256.7,256.95,256.05,256.35
8140,2024-05-10 11:30:00,256.3,256.45,255.95,256.25
8141,2024-05-10 11:33:00,256.15,256.45,256.0,256.25
8142,2024-05-10 11:36:00,256.35,256.35,255.5,255.65
8143,2024-05-10 11:39:00,255.6,256.35,255.5,255.65
8144,2024-05-10 11:42:00,255.75,256.4,255.65,256.0
8145,2024-05-10 11:45:00,255.95,255.95,255.2,255.55
8146,2024-05-10 11:48:00,255.6,255.75,254.75,255.0
8147,2024-05-10 11:51:00,255.25,256.15,255.1,255.7
8148,2024-05-10 11:54:00,255.55,255.7,254.7,254.7
8149,2024-05-10 11:57:00,254.8,255.05,254.35,254.8
8150,2024-05-10 12:00:00,255.0,255.9,255.0,255.6
8151,2024-05-10 12:03:00,255.7,255.7,255.0,255.2
8152,2024-05-10 12:06:00,255.25,255.4,254.8,255.4
8153,2024-05-10 12:09:00,255.45,255.85,255.25,255.6
8154,2024-05-10 12:12:00,255.65,255.65,254.8,255.0
8155,2024-05-10 12:15:00,255.1,255.35,254.7,255.15
8156,2024-05-10 12:18:00,255.0,255.45,254.5,255.05
8157,2024-05-10 12:21:00,255.0,255.7,254.85,255.65
8158,2024-05-10 12:24:00,255.5,255.55,254.15,254.35
8159,2024-05-10 12:27:00,254.3,255.3,254.3,255.15
8160,2024-05-10 12:30:00,255.2,255.8,255.1,255.8
8161,2024-05-10 12:33:00,255.95,256.0,255.5,255.6
8162,2024-05-10 12:36:00,255.75,256.1,255.35,255.85
8163,2024-05-10 12:39:00,255.75,255.85,255.55,255.85
8164,2024-05-10 12:42:00,255.75,256.0,255.65,255.95
8165,2024-05-10 12:45:00,255.9,256.2,255.3,255.8
8166,2024-05-10 12:48:00,255.85,256.2,255.5,255.95
8167,2024-05-10 12:51:00,255.9,255.95,255.5,255.65
8168,2024-05-10 12:54:00,255.85,255.95,255.35,255.65
8169,2024-05-10 12:57:00,255.7,255.85,255.15,255.2
8170,2024-05-10 13:00:00,255.35,255.5,254.6,255.1
8171,2024-05-10 13:03:00,255.25,255.55,255.15,255.15
8172,2024-05-10 13:06:00,255.25,255.25,255.0,255.05
8173,2024-05-10 13:09:00,255.0,255.1,254.15,254.25
8174,2024-05-10 13:12:00,254.15,254.3,253.95,254.25
8175,2024-05-10 13:15:00,254.15,254.65,254.0,254.25
8176,2024-05-10 13:18:00,254.15,254.5,253.85,254.5
8177,2024-05-10 13:21:00,254.45,254.75,254.3,254.5
8178,2024-05-10 13:24:00,254.35,254.5,254.1,254.25
8179,2024-05-10 13:27:00,254.1,255.0,254.0,254.95
8180,2024-05-10 13:30:00,255.0,255.7,255.0,255.6
8181,2024-05-10 13:33:00,255.55,255.85,255.35,255.5
8182,2024-05-10 13:36:00,255.45,255.55,254.55,254.8
8183,2024-05-10 13:39:00,254.9,255.15,254.6,254.75
8184,2024-05-10 13:42:00,254.8,255.3,254.7,255.05
8185,2024-05-10 13:45:00,254.95,255.15,254.75,254.9
8186,2024-05-10 13:48:00,254.95,255.55,254.8,255.4
8187,2024-05-10 13:51:00,255.55,255.95,255.4,255.7
8188,2024-05-10 13:54:00,255.85,255.85,255.5,255.7
8189,2024-05-10 13:57:00,255.55,256.35,255.5,256.15
8190,2024-05-10 14:00:00,256.2,256.35,255.7,255.75
8191,2024-05-10 14:03:00,255.6,255.8,255.4,255.55
8192,2024-05-10 14:06:00,255.8,256.0,255.55,255.6
8193,2024-05-10 14:09:00,255.75,255.9,255.4,255.55
8194,2024-05-10 14:12:00,255.4,255.55,254.8,255.25
8195,2024-05-10 14:15:00,255.3,255.55,255.0,255.1
8196,2024-05-10 14:18:00,255.0,255.4,254.8,254.9
8197,2024-05-10 14:21:00,255.05,255.05,254.55,254.75
8198,2024-05-10 14:24:00,254.85,254.85,253.8,253.95
8199,2024-05-10 14:27:00,254.0,254.4,253.95,254.2
8200,2024-05-10 14:30:00,254.1,255.15,254.05,254.75
8201,2024-05-10 14:33:00,254.8,254.8,254.3,254.5
8202,2024-05-10 14:36:00,254.3,254.7,254.15,254.4
8203,2024-05-10 14:39:00,254.35,254.35,253.85,254.1
8204,2024-05-10 14:42:00,254.0,254.45,254.0,254.2
8205,2024-05-10 14:45:00,254.3,254.9,254.2,254.45
8206,2024-05-10 14:48:00,254.55,254.85,254.3,254.65
8207,2024-05-10 14:51:00,254.6,255.1,254.35,255.05
8208,2024-05-10 14:54:00,255.0,255.25,254.75,255.0
8209,2024-05-10 14:57:00,255.05,255.1,254.55,254.7
8210,2024-05-10 15:00:00,254.65,255.4,254.65,255.25
8211,2024-05-10 15:03:00,255.3,255.5,255.0,255.15
8212,2024-05-10 15:06:00,255.2,255.45,255.0,255.1
8213,2024-05-10 15:09:00,255.05,255.25,254.7,255.0
8214,2024-05-10 15:12:00,254.9,255.15,254.7,254.95
8215,2024-05-10 15:15:00,254.85,255.25,254.8,255.15
8216,2024-05-10 15:18:00,255.1,255.5,255.05,255.5
8217,2024-05-10 15:21:00,255.55,255.85,255.5,255.85
8218,2024-05-10 15:24:00,255.8,256.15,255.75,255.95
8219,2024-05-10 15:27:00,255.85,256.15,255.35,255.4
8220,2024-05-13 09:15:00,255.6,255.85,253.0,253.15
8221,2024-05-13 09:18:00,252.95,255.1,252.8,253.05
8222,2024-05-13 09:21:00,253.15,253.7,251.3,251.3
8223,2024-05-13 09:24:00,251.4,253.25,251.3,252.65
8224,2024-05-13 09:27:00,252.55,252.55,251.1,251.6
8225,2024-05-13 09:30:00,251.7,252.65,250.4,250.6
8226,2024-05-13 09:33:00,250.5,250.6,249.5,249.8
8227,2024-05-13 09:36:00,250.0,251.0,249.75,249.8
8228,2024-05-13 09:39:00,249.95,250.3,249.25,249.25
8229,2024-05-13 09:42:00,249.05,249.45,248.5,249.05
8230,2024-05-13 09:45:00,249.1,250.2,249.0,249.15
8231,2024-05-13 09:48:00,249.1,249.45,248.5,249.1
8232,2024-05-13 09:51:00,249.2,249.35,248.3,248.6
8233,2024-05-13 09:54:00,248.7,248.85,247.85,248.05
8234,2024-05-13 09:57:00,247.95,248.45,247.5,247.65
8235,2024-05-13 10:00:00,247.85,248.4,246.9,248.25
8236,2024-05-13 10:03:00,248.1,248.8,247.8,248.45
8237,2024-05-13 10:06:00,248.65,248.7,248.1,248.2
8238,2024-05-13 10:09:00,248.1,249.55,248.0,248.65
8239,2024-05-13 10:12:00,248.6,249.6,248.0,249.6
8240,2024-05-13 10:15:00,249.5,249.55,248.6,248.75
8241,2024-05-13 10:18:00,248.8,248.95,248.25,248.35
8242,2024-05-13 10:21:00,248.3,248.85,248.0,248.65
8243,2024-05-13 10:24:00,248.7,249.95,248.65,249.75
8244,2024-05-13 10:27:00,249.85,249.85,249.15,249.4
8245,2024-05-13 10:30:00,249.3,249.55,248.8,248.95
8246,2024-05-13 10:33:00,249.0,249.05,248.0,248.0
8247,2024-05-13 10:36:00,247.9,248.4,247.2,247.85
8248,2024-05-13 10:39:00,247.7,247.7,246.65,247.2
8249,2024-05-13 10:42:00,247.3,247.3,246.7,246.8
8250,2024-05-13 10:45:00,246.75,246.9,246.3,246.65
8251,2024-05-13 10:48:00,246.7,247.45,246.7,247.3
8252,2024-05-13 10:51:00,247.45,248.45,247.3,248.45
8253,2024-05-13 10:54:00,248.5,248.95,247.7,248.0
8254,2024-05-13 10:57:00,247.75,248.05,247.1,247.5
8255,2024-05-13 11:00:00,247.35,247.5,246.55,247.25
8256,2024-05-13 11:03:00,247.3,248.6,247.2,248.6
8257,2024-05-13 11:06:00,248.55,249.45,248.55,248.7
8258,2024-05-13 11:09:00,248.75,249.1,248.7,248.9
8259,2024-05-13 11:12:00,248.85,249.35,248.85,249.15
8260,2024-05-13 11:15:00,249.05,250.15,249.0,249.05
8261,2024-05-13 11:18:00,249.1,249.9,249.1,249.65
8262,2024-05-13 11:21:00,249.6,249.75,249.1,249.35
8263,2024-05-13 11:24:00,249.3,249.85,249.0,249.85
8264,2024-05-13 11:27:00,249.8,249.95,249.35,249.8
8265,2024-05-13 11:30:00,249.7,250.5,249.55,250.0
8266,2024-05-13 11:33:00,250.1,250.75,250.05,250.6
8267,2024-05-13 11:36:00,250.65,250.85,250.5,250.8
8268,2024-05-13 11:39:00,250.85,251.0,250.55,250.65
8269,2024-05-13 11:42:00,250.6,250.95,250.4,250.45
8270,2024-05-13 11:45:00,250.55,250.85,250.0,250.8
8271,2024-05-13 11:48:00,250.75,251.15,250.75,250.9
8272,2024-05-13 11:51:00,250.85,251.35,250.8,251.05
8273,2024-05-13 11:54:00,251.1,251.4,251.05,251.25
8274,2024-05-13 11:57:00,251.35,251.4,250.9,251.2
8275,2024-05-13 12:00:00,251.05,251.8,251.05,251.65
8276,2024-05-13 12:03:00,251.7,252.0,251.65,251.8
8277,2024-05-13 12:06:00,251.7,252.0,251.6,251.7
8278,2024-05-13 12:09:00,251.65,252.1,251.2,251.95
8279,2024-05-13 12:12:00,252.0,252.35,251.75,252.25
8280,2024-05-13 12:15:00,252.2,252.5,251.8,251.8
8281,2024-05-13 12:18:00,251.85,252.0,251.3,251.45
8282,2024-05-13 12:21:00,251.5,251.8,251.2,251.75
8283,2024-05-13 12:24:00,251.55,252.15,251.05,252.1
8284,2024-05-13 12:27:00,252.15,252.55,252.0,252.45
8285,2024-05-13 12:30:00,252.55,252.8,252.35,252.65
8286,2024-05-13 12:33:00,252.7,253.0,252.65,252.8
8287,2024-05-13 12:36:00,252.7,253.15,252.7,253.05
8288,2024-05-13 12:39:00,253.2,253.2,252.75,252.85
8289,2024-05-13 12:42:00,252.9,253.35,252.9,252.9
8290,2024-05-13 12:45:00,252.85,252.95,252.0,252.45
8291,2024-05-13 12:48:00,252.5,252.5,252.0,252.2
8292,2024-05-13 12:51:00,252.3,252.3,251.6,252.0
8293,2024-05-13 12:54:00,252.1,252.65,252.0,252.6
8294,2024-05-13 12:57:00,252.65,253.15,252.5,252.95
8295,2024-05-13 13:00:00,253.0,253.25,252.25,252.4
8296,2024-05-13 13:03:00,252.35,252.45,252.2,252.4
8297,2024-05-13 13:06:00,252.25,252.65,252.2,252.65
8298,2024-05-13 13:09:00,252.7,252.95,252.4,252.95
8299,2024-05-13 13:12:00,252.7,253.0,252.45,252.5
8300,2024-05-13 13:15:00,252.6,252.85,252.2,252.35
8301,2024-05-13 13:18:00,252.2,252.35,251.8,251.95
8302,2024-05-13 13:21:00,252.0,252.1,250.85,250.9
8303,2024-05-13 13:24:00,250.95,251.75,250.85,251.75
8304,2024-05-13 13:27:00,251.85,251.95,251.2,251.4
8305,2024-05-13 13:30:00,251.3,251.4,250.55,250.55
8306,2024-05-13 13:33:00,250.65,251.3,250.35,251.15
8307,2024-05-13 13:36:00,251.2,251.95,251.05,251.85
8308,2024-05-13 13:39:00,251.95,252.25,251.85,252.0
8309,2024-05-13 13:42:00,252.2,253.1,252.0,253.1
8310,2024-05-13 13:45:00,253.15,253.6,252.85,253.2
8311,2024-05-13 13:48:00,253.3,254.0,253.3,253.9
8312,2024-05-13 13:51:00,253.95,254.35,253.8,254.3
8313,2024-05-13 13:54:00,254.35,254.75,254.05,254.2
8314,2024-05-13 13:57:00,254.1,254.35,253.85,254.0
8315,2024-05-13 14:00:00,253.9,254.25,253.75,253.85
8316,2024-05-13 14:03:00,253.75,254.0,253.55,253.85
8317,2024-05-13 14:06:00,254.0,254.7,253.85,254.5
8318,2024-05-13 14:09:00,254.4,254.85,254.4,254.45
8319,2024-05-13 14:12:00,254.6,254.85,254.45,254.6
8320,2024-05-13 14:15:00,254.65,255.0,254.45,254.9
8321,2024-05-13 14:18:00,254.85,255.05,254.2,254.45
8322,2024-05-13 14:21:00,254.5,254.65,254.2,254.2
8323,2024-05-13 14:24:00,254.3,254.45,254.0,254.15
8324,2024-05-13 14:27:00,254.05,254.85,254.05,254.85
8325,2024-05-13 14:30:00,254.8,255.7,254.8,255.55
8326,2024-05-13 14:33:00,255.65,255.65,255.0,255.15
8327,2024-05-13 14:36:00,255.2,256.4,255.2,256.4
8328,2024-05-13 14:39:00,256.25,256.5,255.85,256.0
8329,2024-05-13 14:42:00,255.95,256.4,255.8,256.35
8330,2024-05-13 14:45:00,256.4,257.1,256.25,256.6
8331,2024-05-13 14:48:00,256.55,256.55,256.15,256.4
8332,2024-05-13 14:51:00,256.3,256.8,256.3,256.7
8333,2024-05-13 14:54:00,256.75,256.8,256.3,256.4
8334,2024-05-13 14:57:00,256.25,256.6,256.1,256.5
8335,2024-05-13 15:00:00,256.45,256.7,255.75,255.9
8336,2024-05-13 15:03:00,255.75,255.95,255.6,255.9
8337,2024-05-13 15:06:00,255.85,256.0,255.65,255.7
8338,2024-05-13 15:09:00,255.65,255.95,255.55,255.75
8339,2024-05-13 15:12:00,255.7,255.8,255.05,255.25
8340,2024-05-13 15:15:00,255.2,255.8,255.1,255.75
8341,2024-05-13 15:18:00,255.7,256.0,255.65,255.75
8342,2024-05-13 15:21:00,255.7,255.75,255.55,255.75
8343,2024-05-13 15:24:00,255.7,256.0,255.6,255.8
8344,2024-05-13 15:27:00,255.9,256.55,255.5,256.55
8345,2024-05-14 09:15:00,256.8,259.55,256.75,258.9
8346,2024-05-14 09:18:00,258.8,259.65,258.6,259.25
8347,2024-05-14 09:21:00,259.35,259.7,258.75,259.05
8348,2024-05-14 09:24:00,259.1,260.5,258.6,260.5
8349,2024-05-14 09:27:00,260.35,261.4,259.7,261.4
8350,2024-05-14 09:30:00,261.55,262.0,260.85,261.3
8351,2024-05-14 09:33:00,261.35,261.85,260.6,261.85
8352,2024-05-14 09:36:00,261.8,262.25,261.4,262.05
8353,2024-05-14 09:39:00,262.1,262.7,261.95,262.05
8354,2024-05-14 09:42:00,262.1,262.6,262.0,262.3
8355,2024-05-14 09:45:00,262.25,262.3,261.3,261.55
8356,2024-05-14 09:48:00,261.6,261.7,261.3,261.5
8357,2024-05-14 09:51:00,261.45,261.7,261.1,261.55
8358,2024-05-14 09:54:00,261.5,261.7,260.75,261.7
8359,2024-05-14 09:57:00,261.6,262.1,261.35,262.0
8360,2024-05-14 10:00:00,261.95,262.1,260.75,260.8
8361,2024-05-14 10:03:00,260.75,261.45,260.65,261.15
8362,2024-05-14 10:06:00,261.25,261.25,260.85,261.0
8363,2024-05-14 10:09:00,260.85,260.85,260.1,260.5
8364,2024-05-14 10:12:00,260.6,260.6,259.8,260.35
8365,2024-05-14 10:15:00,260.55,261.3,260.35,261.3
8366,2024-05-14 10:18:00,261.45,261.75,261.2,261.7
8367,2024-05-14 10:21:00,261.55,261.6,260.9,261.1
8368,2024-05-14 10:24:00,261.25,261.45,260.9,261.45
8369,2024-05-14 10:27:00,261.5,261.65,261.3,261.65
8370,2024-05-14 10:30:00,261.7,261.95,261.55,261.8
8371,2024-05-14 10:33:00,261.7,262.0,261.2,261.85
8372,2024-05-14 10:36:00,261.8,262.0,261.65,261.85
8373,2024-05-14 10:39:00,261.8,261.95,261.75,261.9
8374,2024-05-14 10:42:00,261.85,262.45,261.85,262.45
8375,2024-05-14 10:45:00,262.4,262.45,262.1,262.25
8376,2024-05-14 10:48:00,262.15,262.3,262.0,262.0
8377,2024-05-14 10:51:00,262.05,262.35,261.8,261.8
8378,2024-05-14 10:54:00,261.85,262.25,261.75,261.95
8379,2024-05-14 10:57:00,261.8,262.45,261.8,262.4
8380,2024-05-14 11:00:00,262.35,262.7,262.25,262.65
8381,2024-05-14 11:03:00,262.7,263.3,262.6,262.9
8382,2024-05-14 11:06:00,263.0,263.0,262.8,262.95
8383,2024-05-14 11:09:00,262.9,262.95,262.65,262.9
8384,2024-05-14 11:12:00,262.95,263.15,262.75,263.05
8385,2024-05-14 11:15:00,263.0,263.65,262.9,263.5
8386,2024-05-14 11:18:00,263.45,263.7,263.25,263.6
8387,2024-05-14 11:21:00,263.65,263.65,263.15,263.25
8388,2024-05-14 11:24:00,263.15,263.55,262.85,263.5
8389,2024-05-14 11:27:00,263.4,263.6,263.25,263.4
8390,2024-05-14 11:30:00,263.5,263.5,263.25,263.35
8391,2024-05-14 11:33:00,263.4,263.55,263.2,263.5
8392,2024-05-14 11:36:00,263.4,263.55,263.2,263.25
8393,2024-05-14 11:39:00,263.3,263.3,263.0,263.25
8394,2024-05-14 11:42:00,263.2,263.25,262.8,262.95
8395,2024-05-14 11:45:00,262.8,263.0,262.5,262.7
8396,2024-05-14 11:48:00,262.55,262.8,262.45,262.8
8397,2024-05-14 11:51:00,262.7,262.85,262.2,262.5
8398,2024-05-14 11:54:00,262.4,262.6,262.25,262.4
8399,2024-05-14 11:57:00,262.25,262.4,261.95,262.2
8400,2024-05-14 12:00:00,262.25,262.3,261.9,262.0
8401,2024-05-14 12:03:00,261.9,262.1,261.85,261.95
8402,2024-05-14 12:06:00,262.05,262.8,262.05,262.8
8403,2024-05-14 12:09:00,262.55,263.15,262.55,263.15
8404,2024-05-14 12:12:00,263.05,263.15,262.75,262.9
8405,2024-05-14 12:15:00,262.75,263.3,262.75,263.2
8406,2024-05-14 12:18:00,263.15,263.25,262.9,263.05
8407,2024-05-14 12:21:00,262.9,263.3,262.9,263.3
8408,2024-05-14 12:24:00,263.15,263.3,263.0,263.15
8409,2024-05-14 12:27:00,263.0,263.5,263.0,263.5
8410,2024-05-14 12:30:00,263.35,264.0,263.35,263.9
8411,2024-05-14 12:33:00,263.8,264.15,263.8,264.0
8412,2024-05-14 12:36:00,264.1,264.2,263.95,264.1
8413,2024-05-14 12:39:00,264.05,264.95,264.05,264.6
8414,2024-05-14 12:42:00,264.7,265.0,264.4,264.6
8415,2024-05-14 12:45:00,264.45,264.8,264.25,264.7
8416,2024-05-14 12:48:00,264.65,264.8,264.25,264.6
8417,2024-05-14 12:51:00,264.65,264.8,264.25,264.4
8418,2024-05-14 12:54:00,264.45,265.0,264.35,264.95
8419,2024-05-14 12:57:00,265.0,265.1,264.85,264.9
8420,2024-05-14 13:00:00,264.85,265.0,264.7,264.7
8421,2024-05-14 13:03:00,264.75,264.8,264.25,264.5
8422,2024-05-14 13:06:00,264.55,264.8,264.45,264.7
8423,2024-05-14 13:09:00,264.8,265.05,264.7,264.75
8424,2024-05-14 13:12:00,264.85,265.0,264.65,264.95
8425,2024-05-14 13:15:00,264.85,265.1,264.65,264.75
8426,2024-05-14 13:18:00,264.8,264.85,264.2,264.7
8427,2024-05-14 13:21:00,264.6,265.3,264.55,265.3
8428,2024-05-14 13:24:00,265.25,265.45,265.2,265.2
8429,2024-05-14 13:27:00,265.3,265.55,265.15,265.45
8430,2024-05-14 13:30:00,265.35,265.7,265.3,265.55
8431,2024-05-14 13:33:00,265.6,265.7,265.3,265.4
8432,2024-05-14 13:36:00,265.35,265.55,265.3,265.45
8433,2024-05-14 13:39:00,265.55,265.6,265.3,265.55
8434,2024-05-14 13:42:00,265.6,265.8,265.45,265.8
8435,2024-05-14 13:45:00,265.75,265.85,265.55,265.65
8436,2024-05-14 13:48:00,265.6,265.75,265.45,265.6
8437,2024-05-14 13:51:00,265.55,266.15,265.55,266.0
8438,2024-05-14 13:54:00,265.95,266.2,265.95,266.05
8439,2024-05-14 13:57:00,266.0,266.15,265.85,266.05
8440,2024-05-14 14:00:00,266.0,266.2,265.95,266.05
8441,2024-05-14 14:03:00,265.95,266.3,265.95,266.15
8442,2024-05-14 14:06:00,266.2,266.3,265.9,265.95
8443,2024-05-14 14:09:00,265.9,265.95,265.35,265.8
8444,2024-05-14 14:12:00,265.7,265.8,265.5,265.5
8445,2024-05-14 14:15:00,265.55,265.65,264.65,265.0
8446,2024-05-14 14:18:00,264.85,265.55,264.85,265.35
8447,2024-05-14 14:21:00,265.4,265.8,265.35,265.65
8448,2024-05-14 14:24:00,265.7,266.0,265.5,265.95
8449,2024-05-14 14:27:00,265.85,265.85,265.55,265.75
8450,2024-05-14 14:30:00,265.6,265.75,265.05,265.15
8451,2024-05-14 14:33:00,265.2,265.2,264.8,264.9
8452,2024-05-14 14:36:00,264.8,265.0,264.55,264.8
8453,2024-05-14 14:39:00,264.75,265.0,264.5,264.5
8454,2024-05-14 14:42:00,264.35,264.7,264.3,264.65
8455,2024-05-14 14:45:00,264.6,264.95,264.6,264.95
8456,2024-05-14 14:48:00,264.9,265.5,264.9,265.45
8457,2024-05-14 14:51:00,265.5,265.9,265.3,265.65
8458,2024-05-14 14:54:00,265.75,266.25,265.65,266.2
8459,2024-05-14 14:57:00,266.05,266.2,265.6,265.6
8460,2024-05-14 15:00:00,265.7,265.7,264.95,265.0
8461,2024-05-14 15:03:00,265.15,265.15,264.65,264.7
8462,2024-05-14 15:06:00,264.85,265.35,264.7,265.2
8463,2024-05-14 15:09:00,265.3,265.5,265.0,265.15
8464,2024-05-14 15:12:00,265.1,265.3,264.9,265.0
8465,2024-05-14 15:15:00,265.05,265.3,265.0,265.25
8466,2024-05-14 15:18:00,265.1,265.5,264.85,265.0
8467,2024-05-14 15:21:00,264.85,265.05,264.75,264.9
8468,2024-05-14 15:24:00,264.85,265.0,264.65,264.75
8469,2024-05-14 15:27:00,264.8,265.5,264.5,265.5
8470,2024-05-15 09:15:00,265.8,267.1,265.65,266.35
8471,2024-05-15 09:18:00,266.25,266.65,265.4,266.1
8472,2024-05-15 09:21:00,265.9,267.0,265.2,267.0
8473,2024-05-15 09:24:00,266.95,267.55,266.75,267.2
8474,2024-05-15 09:27:00,267.05,267.95,267.0,267.8
8475,2024-05-15 09:30:00,267.7,268.0,267.55,267.65
8476,2024-05-15 09:33:00,267.55,267.7,267.35,267.6
8477,2024-05-15 09:36:00,267.65,268.5,267.35,268.0
8478,2024-05-15 09:39:00,267.9,268.3,267.7,268.1
8479,2024-05-15 09:42:00,268.15,268.8,268.05,268.6
8480,2024-05-15 09:45:00,268.7,269.35,268.55,269.25
8481,2024-05-15 09:48:00,269.1,269.45,268.8,268.8
8482,2024-05-15 09:51:00,268.9,269.0,268.5,268.9
8483,2024-05-15 09:54:00,268.95,269.2,268.25,268.3
8484,2024-05-15 09:57:00,268.35,268.4,267.6,267.7
8485,2024-05-15 10:00:00,267.65,267.75,266.95,267.4
8486,2024-05-15 10:03:00,267.5,267.7,267.0,267.1
8487,2024-05-15 10:06:00,267.25,267.3,265.75,265.75
8488,2024-05-15 10:09:00,265.7,267.45,265.7,267.45
8489,2024-05-15 10:12:00,267.5,267.7,266.7,266.95
8490,2024-05-15 10:15:00,266.85,267.25,266.5,266.75
8491,2024-05-15 10:18:00,266.6,267.55,266.6,267.4
8492,2024-05-15 10:21:00,267.15,267.3,266.7,267.15
8493,2024-05-15 10:24:00,267.1,267.25,266.35,266.9
8494,2024-05-15 10:27:00,266.85,266.95,266.3,266.4
8495,2024-05-15 10:30:00,266.3,266.4,265.75,266.4
8496,2024-05-15 10:33:00,266.25,267.25,266.25,267.2
8497,2024-05-15 10:36:00,267.25,267.45,267.1,267.4
8498,2024-05-15 10:39:00,267.25,267.4,266.6,266.9
8499,2024-05-15 10:42:00,266.8,266.95,266.5,266.6
8500,2024-05-15 10:45:00,266.5,267.4,266.4,267.3
8501,2024-05-15 10:48:00,267.4,267.5,267.1,267.35
8502,2024-05-15 10:51:00,267.2,267.6,267.1,267.35
8503,2024-05-15 10:54:00,267.15,267.7,266.85,267.0
8504,2024-05-15 10:57:00,267.05,267.5,267.05,267.5
8505,2024-05-15 11:00:00,267.4,267.9,267.4,267.9
8506,2024-05-15 11:03:00,267.85,268.0,267.75,267.85
8507,2024-05-15 11:06:00,267.8,267.9,267.5,267.65
8508,2024-05-15 11:09:00,267.6,267.7,267.4,267.65
8509,2024-05-15 11:12:00,267.55,267.7,267.5,267.6
8510,2024-05-15 11:15:00,267.65,267.75,267.55,267.55
8511,2024-05-15 11:18:00,267.65,268.1,267.45,268.05
8512,2024-05-15 11:21:00,268.0,268.1,267.75,267.75
8513,2024-05-15 11:24:00,267.85,268.0,267.6,267.65
8514,2024-05-15 11:27:00,267.8,267.8,266.9,266.95
8515,2024-05-15 11:30:00,266.85,267.5,266.65,267.5
8516,2024-05-15 11:33:00,267.35,268.3,267.35,268.2
8517,2024-05-15 11:36:00,268.15,268.4,267.85,267.9
8518,2024-05-15 11:39:00,268.0,268.05,267.7,267.7
8519,2024-05-15 11:42:00,267.8,267.85,267.5,267.6
8520,2024-05-15 11:45:00,267.55,267.6,267.4,267.55
8521,2024-05-15 11:48:00,267.4,267.65,267.4,267.6
8522,2024-05-15 11:51:00,267.5,267.6,267.05,267.1
8523,2024-05-15 11:54:00,267.15,267.35,267.0,267.35
8524,2024-05-15 11:57:00,267.4,267.8,267.3,267.8
8525,2024-05-15 12:00:00,267.85,267.95,267.45,267.7
8526,2024-05-15 12:03:00,267.6,267.75,267.1,267.4
8527,2024-05-15 12:06:00,267.35,267.6,267.25,267.5
8528,2024-05-15 12:09:00,267.4,267.5,267.1,267.4
8529,2024-05-15 12:12:00,267.45,267.5,267.0,267.1
8530,2024-05-15 12:15:00,267.05,267.15,266.75,267.05
8531,2024-05-15 12:18:00,267.1,267.15,266.65,266.8
8532,2024-05-15 12:21:00,266.7,267.0,266.35,266.75
8533,2024-05-15 12:24:00,266.9,267.65,266.8,267.5
8534,2024-05-15 12:27:00,267.55,267.9,267.45,267.7
8535,2024-05-15 12:30:00,267.6,267.95,267.45,267.9
8536,2024-05-15 12:33:00,267.75,268.3,267.75,267.75
8537,2024-05-15 12:36:00,267.9,267.9,267.5,267.9
8538,2024-05-15 12:39:00,267.95,268.3,267.8,268.15
8539,2024-05-15 12:42:00,268.05,268.2,267.85,268.05
8540,2024-05-15 12:45:00,268.15,268.15,267.75,268.0
8541,2024-05-15 12:48:00,267.95,268.15,267.7,267.8
8542,2024-05-15 12:51:00,267.7,268.1,267.7,268.1
8543,2024-05-15 12:54:00,268.15,268.15,267.55,267.9
8544,2024-05-15 12:57:00,267.85,267.9,267.5,267.55
8545,2024-05-15 13:00:00,267.7,267.7,267.3,267.35
8546,2024-05-15 13:03:00,267.3,267.65,267.15,267.65
8547,2024-05-15 13:06:00,267.55,267.7,267.1,267.25
8548,2024-05-15 13:09:00,267.1,267.55,267.1,267.55
8549,2024-05-15 13:12:00,267.5,267.55,267.15,267.25
8550,2024-05-15 13:15:00,267.3,267.5,267.15,267.25
8551,2024-05-15 13:18:00,267.15,267.5,267.15,267.4
8552,2024-05-15 13:21:00,267.3,267.4,267.1,267.4
8553,2024-05-15 13:24:00,267.35,267.4,267.25,267.35
8554,2024-05-15 13:27:00,267.25,267.35,267.1,267.25
8555,2024-05-15 13:30:00,267.15,267.25,266.8,267.1
8556,2024-05-15 13:33:00,267.15,267.3,267.0,267.3
8557,2024-05-15 13:36:00,267.25,267.3,267.0,267.15
8558,2024-05-15 13:39:00,267.05,267.15,266.75,266.85
8559,2024-05-15 13:42:00,266.75,266.9,266.7,266.8
8560,2024-05-15 13:45:00,266.7,266.8,265.95,266.1
8561,2024-05-15 13:48:00,266.15,266.2,265.8,266.1
8562,2024-05-15 13:51:00,266.05,266.45,266.0,266.45
8563,2024-05-15 13:54:00,266.3,266.45,266.2,266.25
8564,2024-05-15 13:57:00,266.2,266.7,266.2,266.7
8565,2024-05-15 14:00:00,266.55,266.95,266.5,266.85
8566,2024-05-15 14:03:00,266.8,266.95,266.5,266.5
8567,2024-05-15 14:06:00,266.65,267.15,266.5,267.1
8568,2024-05-15 14:09:00,267.05,267.3,266.95,267.2
8569,2024-05-15 14:12:00,267.3,267.75,267.2,267.7
8570,2024-05-15 14:15:00,267.65,267.75,267.3,267.3
8571,2024-05-15 14:18:00,267.4,267.4,266.9,266.9
8572,2024-05-15 14:21:00,267.0,267.0,266.6,266.75
8573,2024-05-15 14:24:00,266.6,266.8,266.3,266.5
8574,2024-05-15 14:27:00,266.45,266.5,266.2,266.3
8575,2024-05-15 14:30:00,266.4,266.6,266.3,266.45
8576,2024-05-15 14:33:00,266.4,266.7,266.4,266.6
8577,2024-05-15 14:36:00,266.7,266.75,266.2,266.7
8578,2024-05-15 14:39:00,266.75,267.0,266.55,266.75
8579,2024-05-15 14:42:00,266.7,266.8,266.5,266.75
8580,2024-05-15 14:45:00,266.65,267.4,266.6,267.25
8581,2024-05-15 14:48:00,267.2,267.35,267.05,267.3
8582,2024-05-15 14:51:00,267.25,267.35,267.15,267.15
8583,2024-05-15 14:54:00,267.2,267.25,267.1,267.15
8584,2024-05-15 14:57:00,267.25,267.45,267.15,267.45
8585,2024-05-15 15:00:00,267.35,267.45,266.75,267.1
8586,2024-05-15 15:03:00,267.15,267.3,267.0,267.2
8587,2024-05-15 15:06:00,267.15,267.2,266.9,267.2
8588,2024-05-15 15:09:00,267.25,267.35,267.05,267.15
8589,2024-05-15 15:12:00,267.25,267.3,266.8,267.1
8590,2024-05-15 15:15:00,267.15,267.3,266.8,267.05
8591,2024-05-15 15:18:00,267.1,267.55,266.9,267.2
8592,2024-05-15 15:21:00,267.1,267.45,266.8,267.35
8593,2024-05-15 15:24:00,267.3,267.5,267.25,267.4
8594,2024-05-15 15:27:00,267.45,269.4,267.4,269.4
8595,2024-05-16 09:15:00,269.2,269.75,268.5,269.3
8596,2024-05-16 09:18:00,269.45,269.45,268.7,268.9
8597,2024-05-16 09:21:00,268.8,271.05,268.2,270.85
8598,2024-05-16 09:24:00,271.0,271.0,269.5,269.9
8599,2024-05-16 09:27:00,269.85,270.5,269.7,270.35
8600,2024-05-16 09:30:00,270.1,270.3,269.45,269.9
8601,2024-05-16 09:33:00,269.85,270.95,269.8,270.85
8602,2024-05-16 09:36:00,270.9,271.4,270.35,270.5
8603,2024-05-16 09:39:00,270.55,270.6,269.65,269.7
8604,2024-05-16 09:42:00,269.6,270.6,269.6,270.45
8605,2024-05-16 09:45:00,270.6,271.65,270.35,271.25
8606,2024-05-16 09:48:00,271.3,271.35,269.65,269.9
8607,2024-05-16 09:51:00,269.65,269.85,269.1,269.7
8608,2024-05-16 09:54:00,269.65,269.8,269.2,269.3
8609,2024-05-16 09:57:00,269.2,269.25,268.4,268.75
8610,2024-05-16 10:00:00,268.7,268.85,268.5,268.5
8611,2024-05-16 10:03:00,268.4,268.4,267.5,268.0
8612,2024-05-16 10:06:00,268.05,268.8,267.95,268.6
8613,2024-05-16 10:09:00,268.55,269.15,268.5,269.1
8614,2024-05-16 10:12:00,269.05,269.2,268.1,268.1
8615,2024-05-16 10:15:00,268.2,268.65,268.1,268.65
8616,2024-05-16 10:18:00,268.6,268.6,268.0,268.1
8617,2024-05-16 10:21:00,268.15,268.3,267.75,267.8
8618,2024-05-16 10:24:00,267.9,268.4,267.8,268.2
8619,2024-05-16 10:27:00,268.1,268.95,268.1,268.9
8620,2024-05-16 10:30:00,268.8,268.95,268.75,268.85
8621,2024-05-16 10:33:00,268.8,269.0,268.2,268.25
8622,2024-05-16 10:36:00,268.2,268.6,268.2,268.35
8623,2024-05-16 10:39:00,268.25,268.4,267.85,268.35
8624,2024-05-16 10:42:00,268.3,268.8,268.3,268.55
8625,2024-05-16 10:45:00,268.6,268.7,268.15,268.25
8626,2024-05-16 10:48:00,268.15,268.4,267.85,268.2
8627,2024-05-16 10:51:00,268.15,268.55,268.0,268.4
8628,2024-05-16 10:54:00,268.2,268.9,268.05,268.9
8629,2024-05-16 10:57:00,268.75,268.9,268.35,268.5
8630,2024-05-16 11:00:00,268.35,268.6,268.15,268.35
8631,2024-05-16 11:03:00,268.3,268.6,268.25,268.4
8632,2024-05-16 11:06:00,268.2,268.45,268.05,268.45
8633,2024-05-16 11:09:00,268.3,268.45,267.85,268.25
8634,2024-05-16 11:12:00,268.3,268.6,267.75,267.85
8635,2024-05-16 11:15:00,267.75,267.85,266.0,266.15
8636,2024-05-16 11:18:00,266.1,266.7,266.0,266.1
8637,2024-05-16 11:21:00,266.05,266.1,265.3,265.65
8638,2024-05-16 11:24:00,265.5,266.45,265.45,266.3
8639,2024-05-16 11:27:00,266.15,266.7,265.95,266.2
8640,2024-05-16 11:30:00,266.15,266.35,265.65,266.1
8641,2024-05-16 11:33:00,266.05,266.1,265.35,265.7
8642,2024-05-16 11:36:00,265.8,265.85,265.15,265.85
8643,2024-05-16 11:39:00,265.9,266.25,265.85,266.05
8644,2024-05-16 11:42:00,266.1,266.45,265.85,266.35
8645,2024-05-16 11:45:00,266.45,266.6,265.85,266.15
8646,2024-05-16 11:48:00,266.3,266.3,265.9,266.1
8647,2024-05-16 11:51:00,266.05,266.3,265.8,266.1
8648,2024-05-16 11:54:00,265.9,266.1,265.5,265.6
8649,2024-05-16 11:57:00,265.7,266.55,265.55,266.5
8650,2024-05-16 12:00:00,266.55,266.6,266.2,266.2
8651,2024-05-16 12:03:00,266.4,266.4,265.5,265.95
8652,2024-05-16 12:06:00,265.8,266.4,265.8,266.4
8653,2024-05-16 12:09:00,266.35,266.75,266.0,266.45
8654,2024-05-16 12:12:00,266.6,266.85,266.25,266.55
8655,2024-05-16 12:15:00,266.7,266.85,266.15,266.45
8656,2024-05-16 12:18:00,266.55,266.55,266.0,266.25
8657,2024-05-16 12:21:00,266.1,266.8,266.1,266.8
8658,2024-05-16 12:24:00,266.65,266.8,266.4,266.55
8659,2024-05-16 12:27:00,266.5,266.6,265.8,265.95
8660,2024-05-16 12:30:00,266.1,266.3,266.0,266.2
8661,2024-05-16 12:33:00,266.1,266.4,266.0,266.2
8662,2024-05-16 12:36:00,266.25,266.25,266.0,266.25
8663,2024-05-16 12:39:00,266.1,266.25,265.9,265.95
8664,2024-05-16 12:42:00,266.0,266.25,265.9,266.25
8665,2024-05-16 12:45:00,266.2,266.45,266.1,266.4
8666,2024-05-16 12:48:00,266.3,266.5,266.2,266.25
8667,2024-05-16 12:51:00,266.4,266.7,266.25,266.7
8668,2024-05-16 12:54:00,266.6,266.7,266.5,266.55
8669,2024-05-16 12:57:00,266.7,266.7,266.1,266.5
8670,2024-05-16 13:00:00,266.4,266.7,266.2,266.35
8671,2024-05-16 13:03:00,266.4,266.45,265.85,266.1
8672,2024-05-16 13:06:00,266.3,266.5,265.95,266.05
8673,2024-05-16 13:09:00,266.2,266.2,265.65,265.7
8674,2024-05-16 13:12:00,265.8,266.0,265.45,265.85
8675,2024-05-16 13:15:00,266.0,266.0,265.0,265.4
8676,2024-05-16 13:18:00,265.5,265.75,264.35,264.6
8677,2024-05-16 13:21:00,264.45,264.6,263.6,263.7
8678,2024-05-16 13:24:00,263.8,263.9,263.3,263.6
8679,2024-05-16 13:27:00,263.65,264.05,263.3,263.3
8680,2024-05-16 13:30:00,263.35,263.45,262.8,263.25
8681,2024-05-16 13:33:00,263.4,263.45,262.25,262.25
8682,2024-05-16 13:36:00,262.4,262.95,262.25,262.45
8683,2024-05-16 13:39:00,262.5,262.95,262.3,262.7
8684,2024-05-16 13:42:00,262.8,262.8,262.25,262.35
8685,2024-05-16 13:45:00,262.5,262.5,261.4,261.8
8686,2024-05-16 13:48:00,261.7,262.35,261.7,262.15
8687,2024-05-16 13:51:00,262.25,262.95,261.95,262.45
8688,2024-05-16 13:54:00,262.4,262.85,262.15,262.35
8689,2024-05-16 13:57:00,262.45,263.2,262.4,262.6
8690,2024-05-16 14:00:00,262.7,263.5,262.5,263.4
8691,2024-05-16 14:03:00,263.25,263.55,262.5,262.5
8692,2024-05-16 14:06:00,262.35,262.7,262.25,262.6
8693,2024-05-16 14:09:00,262.55,262.6,262.1,262.2
8694,2024-05-16 14:12:00,262.25,262.25,261.7,262.0
8695,2024-05-16 14:15:00,262.1,262.9,261.8,262.8
8696,2024-05-16 14:18:00,262.9,263.25,262.6,263.1
8697,2024-05-16 14:21:00,263.15,263.75,263.05,263.75
8698,2024-05-16 14:24:00,263.7,264.2,263.1,263.25
8699,2024-05-16 14:27:00,263.35,263.6,262.9,263.25
8700,2024-05-16 14:30:00,263.15,264.2,263.15,264.1
8701,2024-05-16 14:33:00,264.25,264.35,263.25,263.3
8702,2024-05-16 14:36:00,263.25,263.6,262.9,263.4
8703,2024-05-16 14:39:00,263.5,263.95,263.3,263.85
8704,2024-05-16 14:42:00,263.9,264.0,263.5,264.0
8705,2024-05-16 14:45:00,263.85,264.25,263.7,263.9
8706,2024-05-16 14:48:00,264.0,264.4,263.8,264.35
8707,2024-05-16 14:51:00,264.4,264.4,264.05,264.4
8708,2024-05-16 14:54:00,264.3,264.3,263.55,263.9
8709,2024-05-16 14:57:00,263.85,264.9,263.65,264.85
8710,2024-05-16 15:00:00,264.75,265.25,264.2,264.3
8711,2024-05-16 15:03:00,264.4,265.1,264.15,264.8
8712,2024-05-16 15:06:00,264.75,265.4,264.7,265.3
8713,2024-05-16 15:09:00,265.15,265.35,264.75,265.15
8714,2024-05-16 15:12:00,265.1,265.25,264.85,265.0
8715,2024-05-16 15:15:00,264.9,265.25,264.65,265.0
8716,2024-05-16 15:18:00,265.05,265.4,264.7,264.95
8717,2024-05-16 15:21:00,264.8,265.5,264.8,265.35
8718,2024-05-16 15:24:00,265.45,265.45,264.8,265.15
8719,2024-05-16 15:27:00,265.1,266.0,264.75,266.0
8720,2024-05-17 09:15:00,265.05,267.4,265.05,266.7
8721,2024-05-17 09:18:00,266.6,267.0,266.1,267.0
8722,2024-05-17 09:21:00,266.8,267.3,266.6,267.0
8723,2024-05-17 09:24:00,266.9,268.05,266.9,268.05
8724,2024-05-17 09:27:00,267.95,268.25,267.4,268.15
8725,2024-05-17 09:30:00,268.05,268.4,267.0,267.2
8726,2024-05-17 09:33:00,267.1,267.55,266.5,267.3
8727,2024-05-17 09:36:00,267.25,267.35,266.5,267.15
8728,2024-05-17 09:39:00,267.05,267.2,266.4,267.1
8729,2024-05-17 09:42:00,267.05,267.65,266.65,267.65
8730,2024-05-17 09:45:00,267.7,267.8,267.05,267.5
8731,2024-05-17 09:48:00,267.4,267.65,267.1,267.15
8732,2024-05-17 09:51:00,267.3,267.5,267.15,267.35
8733,2024-05-17 09:54:00,267.4,267.55,267.15,267.2
8734,2024-05-17 09:57:00,267.35,267.35,266.6,267.25
8735,2024-05-17 10:00:00,267.3,267.8,267.05,267.65
8736,2024-05-17 10:03:00,267.6,267.9,267.45,267.5
8737,2024-05-17 10:06:00,267.6,267.7,267.1,267.45
8738,2024-05-17 10:09:00,267.5,267.65,267.0,267.15
8739,2024-05-17 10:12:00,267.1,267.3,266.65,266.75
8740,2024-05-17 10:15:00,266.7,266.8,266.1,266.4
8741,2024-05-17 10:18:00,266.5,267.15,266.5,266.95
8742,2024-05-17 10:21:00,267.0,267.2,266.4,266.5
8743,2024-05-17 10:24:00,266.45,266.95,266.4,266.85
8744,2024-05-17 10:27:00,266.75,267.5,266.75,266.95
8745,2024-05-17 10:30:00,267.1,267.5,266.95,267.5
8746,2024-05-17 10:33:00,267.4,267.8,267.15,267.4
8747,2024-05-17 10:36:00,267.35,267.6,267.05,267.15
8748,2024-05-17 10:39:00,267.1,267.45,267.0,267.2
8749,2024-05-17 10:42:00,267.3,267.65,267.1,267.6
8750,2024-05-17 10:45:00,267.55,268.2,267.5,268.2
8751,2024-05-17 10:48:00,268.15,268.25,267.5,267.75
8752,2024-05-17 10:51:00,267.65,267.95,267.6,267.7
8753,2024-05-17 10:54:00,267.65,267.7,267.4,267.5
8754,2024-05-17 10:57:00,267.4,267.9,267.4,267.75
8755,2024-05-17 11:00:00,267.6,267.85,267.55,267.8
8756,2024-05-17 11:03:00,267.9,268.4,267.85,268.25
8757,2024-05-17 11:06:00,268.3,268.95,268.2,268.9
8758,2024-05-17 11:09:00,268.95,268.95,268.55,268.7
8759,2024-05-17 11:12:00,268.6,269.2,268.6,269.1
8760,2024-05-17 11:15:00,269.2,269.7,269.1,269.7
8761,2024-05-17 11:18:00,269.75,269.85,269.55,269.55
8762,2024-05-17 11:21:00,269.75,269.8,269.25,269.35
8763,2024-05-17 11:24:00,269.3,269.5,269.25,269.25
8764,2024-05-17 11:27:00,269.35,269.4,268.75,269.4
8765,2024-05-17 11:30:00,269.25,269.6,269.25,269.5
8766,2024-05-17 11:33:00,269.55,269.85,269.5,269.75
8767,2024-05-17 11:36:00,269.7,270.0,269.6,269.9
8768,2024-05-17 11:39:00,270.0,270.85,269.9,270.8
8769,2024-05-17 11:42:00,270.75,270.95,270.65,270.95
8770,2024-05-17 11:45:00,270.8,271.3,270.75,271.1
8771,2024-05-17 11:48:00,271.2,272.1,271.15,272.1
8772,2024-05-17 11:51:00,272.05,272.45,271.7,271.9
8773,2024-05-17 11:54:00,272.0,272.1,271.6,271.6
8774,2024-05-17 11:57:00,271.65,271.85,271.2,271.8
8775,2024-05-17 12:00:00,271.7,272.5,271.2,272.25
8776,2024-05-17 12:03:00,272.35,272.75,272.05,272.6
8777,2024-05-17 12:06:00,272.5,272.9,272.3,272.8
8778,2024-05-17 12:09:00,272.7,272.8,272.05,272.2
8779,2024-05-17 12:12:00,272.05,272.3,271.4,271.45
8780,2024-05-17 12:15:00,271.55,271.85,271.35,271.6
8781,2024-05-17 12:18:00,271.7,271.75,271.45,271.7
8782,2024-05-17 12:21:00,271.75,272.3,271.55,272.0
8783,2024-05-17 12:24:00,272.1,272.75,271.95,272.7
8784,2024-05-17 12:27:00,272.6,272.8,272.3,272.5
8785,2024-05-17 12:30:00,272.55,272.8,272.35,272.75
8786,2024-05-17 12:33:00,272.6,272.75,272.35,272.55
8787,2024-05-17 12:36:00,272.5,272.5,271.9,272.05
8788,2024-05-17 12:39:00,272.1,272.35,272.05,272.25
8789,2024-05-17 12:42:00,272.35,272.9,272.2,272.85
8790,2024-05-17 12:45:00,272.9,273.45,272.8,273.05
8791,2024-05-17 12:48:00,273.15,273.35,273.0,273.2
8792,2024-05-17 12:51:00,273.1,273.75,272.95,273.75
8793,2024-05-17 12:54:00,273.7,273.9,273.45,273.5
8794,2024-05-17 12:57:00,273.45,274.1,272.95,274.0
8795,2024-05-17 13:00:00,274.05,274.15,273.05,273.1
8796,2024-05-17 13:03:00,273.15,273.95,273.1,273.8
8797,2024-05-17 13:06:00,273.85,275.35,273.4,275.15
8798,2024-05-17 13:09:00,275.3,276.15,274.5,275.75
8799,2024-05-17 13:12:00,275.85,276.6,275.8,276.05
8800,2024-05-17 13:15:00,276.1,276.6,276.0,276.15
8801,2024-05-17 13:18:00,276.3,276.5,276.05,276.05
8802,2024-05-17 13:21:00,276.1,277.2,275.75,276.8
8803,2024-05-17 13:24:00,276.85,277.15,276.3,276.4
8804,2024-05-17 13:27:00,276.5,277.05,276.5,276.9
8805,2024-05-17 13:30:00,277.0,277.25,276.6,277.1
8806,2024-05-17 13:33:00,277.0,277.65,276.7,276.8
8807,2024-05-17 13:36:00,276.9,277.2,276.65,277.15
8808,2024-05-17 13:39:00,277.0,277.1,275.9,276.0
8809,2024-05-17 13:42:00,275.95,276.75,275.95,276.05
8810,2024-05-17 13:45:00,276.25,276.9,276.05,276.9
8811,2024-05-17 13:48:00,276.7,277.25,276.7,277.25
8812,2024-05-17 13:51:00,277.5,277.65,276.85,276.85
8813,2024-05-17 13:54:00,276.7,276.95,276.3,276.45
8814,2024-05-17 13:57:00,276.5,276.5,275.7,276.2
8815,2024-05-17 14:00:00,276.15,276.95,276.1,276.75
8816,2024-05-17 14:03:00,276.6,277.1,276.6,276.95
8817,2024-05-17 14:06:00,276.8,276.9,276.55,276.6
8818,2024-05-17 14:09:00,276.8,277.35,276.7,277.0
8819,2024-05-17 14:12:00,277.1,277.2,276.65,276.7
8820,2024-05-17 14:15:00,276.85,276.9,276.6,276.65
8821,2024-05-17 14:18:00,276.8,276.8,276.1,276.3
8822,2024-05-17 14:21:00,276.25,276.65,276.1,276.65
8823,2024-05-17 14:24:00,276.7,276.9,276.55,276.55
8824,2024-05-17 14:27:00,276.6,276.7,275.75,275.75
8825,2024-05-17 14:30:00,275.85,276.3,275.7,276.05
8826,2024-05-17 14:33:00,276.0,276.2,275.8,276.1
8827,2024-05-17 14:36:00,276.2,276.3,276.0,276.05
8828,2024-05-17 14:39:00,276.0,276.2,275.3,275.5
8829,2024-05-17 14:42:00,275.3,275.5,275.15,275.2
8830,2024-05-17 14:45:00,275.15,275.65,275.05,275.55
8831,2024-05-17 14:48:00,275.5,276.1,275.45,275.9
8832,2024-05-17 14:51:00,275.8,275.95,275.25,275.25
8833,2024-05-17 14:54:00,275.2,275.7,275.1,275.55
8834,2024-05-17 14:57:00,275.65,276.0,275.55,275.65
8835,2024-05-17 15:00:00,275.7,276.0,275.5,275.6
8836,2024-05-17 15:03:00,275.65,275.75,275.25,275.6
8837,2024-05-17 15:06:00,275.55,276.0,275.55,275.85
8838,2024-05-17 15:09:00,275.9,276.2,275.8,276.05
8839,2024-05-17 15:12:00,276.1,276.9,276.1,276.7
8840,2024-05-17 15:15:00,276.75,276.95,276.45,276.9
8841,2024-05-17 15:18:00,276.85,277.15,276.75,277.0
8842,2024-05-17 15:21:00,276.95,277.0,276.65,276.9
8843,2024-05-17 15:24:00,276.85,277.15,276.7,277.05
8844,2024-05-17 15:27:00,277.1,277.2,277.0,277.1
8845,2024-05-18 09:15:00,278.5,279.35,278.0,279.35
8846,2024-05-18 09:18:00,279.3,280.6,279.3,280.35
8847,2024-05-18 09:21:00,280.15,281.05,280.1,280.35
8848,2024-05-18 09:24:00,280.3,280.5,279.5,280.45
8849,2024-05-18 09:27:00,280.5,280.9,280.3,280.85
8850,2024-05-18 09:30:00,280.6,281.2,280.55,281.1
8851,2024-05-18 09:33:00,281.15,281.45,280.7,280.7
8852,2024-05-18 09:36:00,280.8,280.8,279.95,280.0
8853,2024-05-18 09:39:00,279.9,280.45,279.65,280.25
8854,2024-05-18 09:42:00,280.2,280.7,280.1,280.7
8855,2024-05-18 09:45:00,280.5,280.65,280.15,280.4
8856,2024-05-18 09:48:00,280.45,280.5,279.55,279.9
8857,2024-05-18 09:51:00,279.8,280.45,279.8,280.1
8858,2024-05-18 09:54:00,280.2,280.45,279.85,279.95
8859,2024-05-18 09:57:00,280.0,280.2,279.85,280.0
8860,2024-05-18 11:30:00,280.1,280.75,280.1,280.45
8861,2024-05-18 11:33:00,280.2,280.95,280.0,280.85
8862,2024-05-18 11:36:00,280.75,280.9,279.75,279.9
8863,2024-05-18 11:39:00,279.7,280.0,279.5,279.9
8864,2024-05-18 11:42:00,279.85,280.45,279.7,280.15
8865,2024-05-18 11:45:00,280.4,280.85,280.15,280.7
8866,2024-05-18 11:48:00,280.55,280.75,280.3,280.55
8867,2024-05-18 11:51:00,280.6,280.7,280.25,280.25
8868,2024-05-18 11:54:00,280.4,280.6,280.15,280.4
8869,2024-05-18 11:57:00,280.2,280.45,280.0,280.15
8870,2024-05-18 12:00:00,280.2,280.25,279.85,280.0
8871,2024-05-18 12:03:00,279.9,280.0,279.55,279.65
8872,2024-05-18 12:06:00,279.85,281.05,279.7,280.2
8873,2024-05-18 12:09:00,280.05,280.25,279.7,280.05
8874,2024-05-18 12:12:00,280.0,280.05,279.8,279.85
8875,2024-05-18 12:15:00,280.0,280.05,279.55,279.9
8876,2024-05-18 12:18:00,279.95,279.95,279.65,279.65
8877,2024-05-18 12:21:00,279.8,280.0,279.65,279.8
8878,2024-05-18 12:24:00,279.9,280.0,279.75,279.75
8879,2024-05-18 12:27:00,279.8,281.05,279.05,281.05
8880,2024-05-21 09:15:00,280.95,282.3,279.65,282.2
8881,2024-05-21 09:18:00,281.95,282.25,280.65,281.6
8882,2024-05-21 09:21:00,281.55,281.85,280.15,281.0
8883,2024-05-21 09:24:00,280.85,281.25,280.0,280.2
8884,2024-05-21 09:27:00,280.35,280.65,279.15,280.4
8885,2024-05-21 09:30:00,280.25,282.95,280.1,282.95
8886,2024-05-21 09:33:00,283.0,283.9,282.9,283.6
8887,2024-05-21 09:36:00,283.7,284.6,283.1,283.3
8888,2024-05-21 09:39:00,283.35,285.7,283.35,285.25
8889,2024-05-21 09:42:00,285.4,285.8,284.7,285.75
8890,2024-05-21 09:45:00,285.85,286.3,284.9,286.15
8891,2024-05-21 09:48:00,286.0,286.25,285.3,285.7
8892,2024-05-21 09:51:00,285.6,285.7,284.2,284.2
8893,2024-05-21 09:54:00,284.15,285.7,283.9,285.5
8894,2024-05-21 09:57:00,285.3,286.0,285.3,286.0
8895,2024-05-21 10:00:00,286.1,286.2,285.5,285.85
8896,2024-05-21 10:03:00,285.8,286.2,285.0,285.05
8897,2024-05-21 10:06:00,285.0,285.15,284.15,284.2
8898,2024-05-21 10:09:00,284.35,284.9,284.15,284.65
8899,2024-05-21 10:12:00,284.7,284.85,284.3,284.55
8900,2024-05-21 10:15:00,284.7,285.15,284.3,284.8
8901,2024-05-21 10:18:00,284.9,284.9,284.2,284.3
8902,2024-05-21 10:21:00,284.15,284.45,283.65,284.4
8903,2024-05-21 10:24:00,284.45,284.85,284.25,284.55
8904,2024-05-21 10:27:00,284.4,284.95,284.4,284.8
8905,2024-05-21 10:30:00,284.75,284.95,284.05,284.25
8906,2024-05-21 10:33:00,284.1,284.5,284.0,284.25
8907,2024-05-21 10:36:00,284.35,284.35,283.5,284.0
8908,2024-05-21 10:39:00,284.1,284.55,284.0,284.5
8909,2024-05-21 10:42:00,284.55,284.9,283.95,284.1
8910,2024-05-21 10:45:00,284.0,284.6,283.5,284.5
8911,2024-05-21 10:48:00,284.6,285.4,284.5,285.2
8912,2024-05-21 10:51:00,285.25,285.5,285.2,285.3
8913,2024-05-21 10:54:00,285.2,285.3,284.75,285.0
8914,2024-05-21 10:57:00,284.85,285.2,284.8,285.15
8915,2024-05-21 11:00:00,285.1,285.1,284.7,284.95
8916,2024-05-21 11:03:00,285.0,285.4,284.85,285.4
8917,2024-05-21 11:06:00,285.2,286.35,285.2,285.45
8918,2024-05-21 11:09:00,285.6,286.0,285.5,285.55
8919,2024-05-21 11:12:00,285.7,285.95,285.1,285.25
8920,2024-05-21 11:15:00,285.2,285.85,285.05,285.7
8921,2024-05-21 11:18:00,285.65,285.8,285.4,285.5
8922,2024-05-21 11:21:00,285.35,285.5,285.2,285.4
8923,2024-05-21 11:24:00,285.3,285.55,285.3,285.4
8924,2024-05-21 11:27:00,285.3,285.6,285.3,285.55
8925,2024-05-21 11:30:00,285.5,285.6,285.15,285.3
8926,2024-05-21 11:33:00,285.4,285.4,284.7,284.8
8927,2024-05-21 11:36:00,284.75,285.3,284.75,285.0
8928,2024-05-21 11:39:00,285.05,285.1,284.55,284.7
8929,2024-05-21 11:42:00,284.65,284.8,284.2,284.25
8930,2024-05-21 11:45:00,284.2,284.8,284.15,284.5
8931,2024-05-21 11:48:00,284.45,284.6,284.25,284.6
8932,2024-05-21 11:51:00,284.55,284.75,284.3,284.5
8933,2024-05-21 11:54:00,284.4,284.5,283.85,284.0
8934,2024-05-21 11:57:00,284.1,284.1,283.75,283.85
8935,2024-05-21 12:00:00,283.9,284.4,283.75,284.2
8936,2024-05-21 12:03:00,284.15,284.3,283.75,284.15
8937,2024-05-21 12:06:00,284.2,284.3,284.0,284.1
8938,2024-05-21 12:09:00,284.2,284.3,284.0,284.15
8939,2024-05-21 12:12:00,284.05,284.1,283.95,284.05
8940,2024-05-21 12:15:00,283.95,284.0,283.65,283.9
8941,2024-05-21 12:18:00,283.8,284.45,283.8,284.15
8942,2024-05-21 12:21:00,284.25,284.25,283.7,283.75
8943,2024-05-21 12:24:00,283.7,284.0,283.5,283.5
8944,2024-05-21 12:27:00,283.55,284.15,283.4,284.0
8945,2024-05-21 12:30:00,284.05,284.8,284.0,284.7
8946,2024-05-21 12:33:00,284.5,284.7,284.5,284.7
8947,2024-05-21 12:36:00,284.55,284.95,284.55,284.9
8948,2024-05-21 12:39:00,284.8,285.0,284.75,284.9
8949,2024-05-21 12:42:00,285.0,285.0,284.65,284.8
8950,2024-05-21 12:45:00,284.85,285.0,284.7,284.95
8951,2024-05-21 12:48:00,285.0,285.4,284.85,285.25
8952,2024-05-21 12:51:00,285.2,285.3,284.7,284.9
8953,2024-05-21 12:54:00,284.85,285.0,284.65,284.95
8954,2024-05-21 12:57:00,284.9,284.95,284.55,284.65
8955,2024-05-21 13:00:00,284.75,284.8,284.3,284.3
8956,2024-05-21 13:03:00,284.4,284.65,284.1,284.6
8957,2024-05-21 13:06:00,284.55,284.65,284.2,284.4
8958,2024-05-21 13:09:00,284.35,284.5,283.7,283.8
8959,2024-05-21 13:12:00,283.75,284.25,283.7,284.0
8960,2024-05-21 13:15:00,283.9,284.1,283.7,283.95
8961,2024-05-21 13:18:00,284.0,284.0,283.6,283.7
8962,2024-05-21 13:21:00,283.75,283.9,283.5,283.75
8963,2024-05-21 13:24:00,283.5,283.75,283.0,283.5
8964,2024-05-21 13:27:00,283.3,283.65,283.15,283.55
8965,2024-05-21 13:30:00,283.5,283.65,283.0,283.2
8966,2024-05-21 13:33:00,283.15,283.7,283.1,283.55
8967,2024-05-21 13:36:00,283.35,283.6,283.15,283.25
8968,2024-05-21 13:39:00,283.2,283.35,283.0,283.0
8969,2024-05-21 13:42:00,282.85,283.15,282.75,283.0
8970,2024-05-21 13:45:00,282.95,283.15,282.85,282.95
8971,2024-05-21 13:48:00,282.9,283.05,282.75,282.8
8972,2024-05-21 13:51:00,282.9,283.4,282.8,283.4
8973,2024-05-21 13:54:00,283.35,283.65,283.3,283.45
8974,2024-05-21 13:57:00,283.5,284.0,283.4,283.55
8975,2024-05-21 14:00:00,283.6,284.0,283.5,284.0
8976,2024-05-21 14:03:00,283.85,283.95,283.6,283.75
8977,2024-05-21 14:06:00,283.8,283.8,283.1,283.2
8978,2024-05-21 14:09:00,283.15,283.3,282.75,282.8
8979,2024-05-21 14:12:00,282.9,283.05,282.55,282.7
8980,2024-05-21 14:15:00,282.5,282.85,282.35,282.7
8981,2024-05-21 14:18:00,282.65,282.7,281.85,281.9
8982,2024-05-21 14:21:00,282.0,282.0,281.3,281.9
8983,2024-05-21 14:24:00,282.0,282.4,281.9,282.3
8984,2024-05-21 14:27:00,282.35,283.1,282.1,282.95
8985,2024-05-21 14:30:00,282.85,283.5,282.8,282.9
8986,2024-05-21 14:33:00,283.0,283.0,282.65,283.0
8987,2024-05-21 14:36:00,283.1,283.1,282.5,282.8
8988,2024-05-21 14:39:00,282.75,283.05,282.6,282.95
8989,2024-05-21 14:42:00,282.9,283.0,282.7,283.0
8990,2024-05-21 14:45:00,282.95,283.0,282.7,282.95
8991,2024-05-21 14:48:00,282.9,282.95,282.5,282.8
8992,2024-05-21 14:51:00,282.7,282.9,282.35,282.55
8993,2024-05-21 14:54:00,282.65,282.65,282.05,282.1
8994,2024-05-21 14:57:00,282.0,282.1,281.55,281.75
8995,2024-05-21 15:00:00,281.8,282.0,281.7,281.95
8996,2024-05-21 15:03:00,282.0,282.7,281.9,282.5
8997,2024-05-21 15:06:00,282.45,282.85,282.4,282.65
8998,2024-05-21 15:09:00,282.6,282.7,282.3,282.5
8999,2024-05-21 15:12:00,282.4,282.6,282.15,282.25
9000,2024-05-21 15:15:00,282.35,282.35,281.95,282.05
9001,2024-05-21 15:18:00,282.0,282.3,281.75,281.9
9002,2024-05-21 15:21:00,281.85,282.45,281.75,282.25
9003,2024-05-21 15:24:00,282.15,282.3,282.0,282.05
9004,2024-05-21 15:27:00,282.1,284.8,282.0,284.8
9005,2024-05-22 09:15:00,284.7,285.0,282.3,282.8
9006,2024-05-22 09:18:00,282.6,283.7,282.0,282.7
9007,2024-05-22 09:21:00,283.0,284.4,282.5,284.4
9008,2024-05-22 09:24:00,284.45,285.0,283.0,283.1
9009,2024-05-22 09:27:00,282.9,284.0,282.55,283.6
9010,2024-05-22 09:30:00,283.55,283.8,282.6,282.75
9011,2024-05-22 09:33:00,282.65,283.5,281.55,281.65
9012,2024-05-22 09:36:00,281.7,282.1,280.65,280.85
9013,2024-05-22 09:39:00,280.8,280.85,278.25,278.25
9014,2024-05-22 09:42:00,278.15,278.6,276.5,276.95
9015,2024-05-22 09:45:00,276.8,277.0,274.95,276.05
9016,2024-05-22 09:48:00,276.0,277.1,275.25,276.65
9017,2024-05-22 09:51:00,276.45,276.5,274.7,275.25
9018,2024-05-22 09:54:00,275.3,276.6,275.2,276.5
9019,2024-05-22 09:57:00,276.6,277.4,275.7,276.75
9020,2024-05-22 10:00:00,276.9,277.75,276.65,277.4
9021,2024-05-22 10:03:00,277.5,277.65,277.15,277.55
9022,2024-05-22 10:06:00,277.45,277.6,276.5,276.85
9023,2024-05-22 10:09:00,276.95,277.75,276.8,277.2
9024,2024-05-22 10:12:00,277.25,277.5,276.5,277.0
9025,2024-05-22 10:15:00,276.85,277.15,276.35,276.45
9026,2024-05-22 10:18:00,276.5,276.5,275.7,275.9
9027,2024-05-22 10:21:00,275.85,276.15,275.4,276.0
9028,2024-05-22 10:24:00,275.85,276.3,275.3,275.3
9029,2024-05-22 10:27:00,275.25,275.9,275.0,275.05
9030,2024-05-22 10:30:00,275.1,275.3,274.7,275.0
9031,2024-05-22 10:33:00,274.95,275.25,274.85,274.95
9032,2024-05-22 10:36:00,275.0,275.35,274.85,274.9
9033,2024-05-22 10:39:00,274.85,274.9,273.85,274.5
9034,2024-05-22 10:42:00,274.45,274.9,274.4,274.5
9035,2024-05-22 10:45:00,274.6,274.65,274.0,274.3
9036,2024-05-22 10:48:00,274.2,275.05,274.0,275.0
9037,2024-05-22 10:51:00,274.95,275.25,274.7,275.25
9038,2024-05-22 10:54:00,275.05,275.25,274.7,274.9
9039,2024-05-22 10:57:00,274.85,275.15,274.6,274.85
9040,2024-05-22 11:00:00,274.9,275.0,274.4,274.75
9041,2024-05-22 11:03:00,274.8,275.0,274.4,274.5
9042,2024-05-22 11:06:00,274.55,275.1,274.45,275.0
9043,2024-05-22 11:09:00,274.95,275.1,274.8,275.0
9044,2024-05-22 11:12:00,275.1,275.15,274.45,274.55
9045,2024-05-22 11:15:00,274.45,274.55,273.65,274.15
9046,2024-05-22 11:18:00,274.05,274.5,273.75,274.25
9047,2024-05-22 11:21:00,274.5,274.5,273.8,273.85
9048,2024-05-22 11:24:00,273.95,274.5,273.85,274.35
9049,2024-05-22 11:27:00,274.2,275.0,274.2,274.8
9050,2024-05-22 11:30:00,274.9,275.0,274.65,274.85
9051,2024-05-22 11:33:00,274.8,275.2,274.7,274.95
9052,2024-05-22 11:36:00,274.8,274.95,274.2,274.55
9053,2024-05-22 11:39:00,274.5,274.55,274.15,274.3
9054,2024-05-22 11:42:00,274.15,274.6,274.1,274.25
9055,2024-05-22 11:45:00,274.35,274.6,274.2,274.35
9056,2024-05-22 11:48:00,274.3,274.7,274.05,274.7
9057,2024-05-22 11:51:00,274.75,274.85,274.5,274.8
9058,2024-05-22 11:54:00,274.9,274.95,274.55,274.7
9059,2024-05-22 11:57:00,274.65,274.65,274.05,274.2
9060,2024-05-22 12:00:00,274.15,274.3,273.85,274.25
9061,2024-05-22 12:03:00,274.2,274.4,273.8,274.0
9062,2024-05-22 12:06:00,273.95,274.05,273.8,273.8
9063,2024-05-22 12:09:00,273.85,273.9,273.35,273.5
9064,2024-05-22 12:12:00,273.45,273.9,273.35,273.5
9065,2024-05-22 12:15:00,273.55,274.3,273.5,274.2
9066,2024-05-22 12:18:00,274.15,274.9,274.15,274.7
9067,2024-05-22 12:21:00,274.65,274.95,274.5,274.8
9068,2024-05-22 12:24:00,274.75,274.9,274.25,274.45
9069,2024-05-22 12:27:00,274.4,274.75,274.25,274.75
9070,2024-05-22 12:30:00,274.6,274.75,274.25,274.5
9071,2024-05-22 12:33:00,274.45,274.7,274.45,274.55
9072,2024-05-22 12:36:00,274.5,274.55,274.05,274.15
9073,2024-05-22 12:39:00,274.1,274.25,273.8,273.9
9074,2024-05-22 12:42:00,273.85,273.95,273.5,273.7
9075,2024-05-22 12:45:00,273.75,273.8,273.55,273.6
9076,2024-05-22 12:48:00,273.55,274.25,273.55,274.2
9077,2024-05-22 12:51:00,274.1,274.3,273.95,274.15
9078,2024-05-22 12:54:00,274.2,274.2,273.8,274.0
9079,2024-05-22 12:57:00,274.05,274.15,273.75,274.15
9080,2024-05-22 13:00:00,274.0,274.15,273.8,274.05
9081,2024-05-22 13:03:00,274.15,274.15,274.0,274.1
9082,2024-05-22 13:06:00,274.05,274.1,273.2,273.25
9083,2024-05-22 13:09:00,273.05,273.45,272.6,272.9
9084,2024-05-22 13:12:00,272.75,272.85,271.8,272.4
9085,2024-05-22 13:15:00,272.45,273.15,271.95,272.0
9086,2024-05-22 13:18:00,271.9,272.35,271.8,271.9
9087,2024-05-22 13:21:00,271.95,272.3,271.6,272.0
9088,2024-05-22 13:24:00,271.95,272.0,271.55,271.7
9089,2024-05-22 13:27:00,271.55,272.0,271.5,272.0
9090,2024-05-22 13:30:00,271.95,272.0,271.8,272.0
9091,2024-05-22 13:33:00,271.95,272.0,271.75,271.8
9092,2024-05-22 13:36:00,271.75,271.8,270.8,270.9
9093,2024-05-22 13:39:00,270.8,271.35,270.65,271.1
9094,2024-05-22 13:42:00,271.2,271.9,271.15,271.85
9095,2024-05-22 13:45:00,271.9,271.95,271.65,271.95
9096,2024-05-22 13:48:00,271.85,271.9,271.6,271.7
9097,2024-05-22 13:51:00,271.75,271.85,271.55,271.6
9098,2024-05-22 13:54:00,271.55,272.0,271.55,271.95
9099,2024-05-22 13:57:00,271.9,272.0,271.8,271.9
9100,2024-05-22 14:00:00,271.95,272.0,271.75,272.0
9101,2024-05-22 14:03:00,271.95,272.0,271.6,271.85
9102,2024-05-22 14:06:00,271.9,271.95,271.6,271.75
9103,2024-05-22 14:09:00,271.7,272.0,271.7,271.95
9104,2024-05-22 14:12:00,271.85,272.0,271.75,271.95
9105,2024-05-22 14:15:00,271.9,272.95,271.9,272.6
9106,2024-05-22 14:18:00,272.65,272.75,272.45,272.7
9107,2024-05-22 14:21:00,272.75,273.45,272.5,273.3
9108,2024-05-22 14:24:00,273.35,273.45,273.0,273.2
9109,2024-05-22 14:27:00,273.15,273.2,272.65,273.1
9110,2024-05-22 14:30:00,273.15,273.6,273.05,273.55
9111,2024-05-22 14:33:00,273.5,273.8,273.5,273.65
9112,2024-05-22 14:36:00,273.55,273.7,273.15,273.4
9113,2024-05-22 14:39:00,273.45,273.45,273.05,273.4
9114,2024-05-22 14:42:00,273.35,273.6,273.1,273.6
9115,2024-05-22 14:45:00,273.5,273.75,273.35,273.6
9116,2024-05-22 14:48:00,273.65,273.65,273.05,273.25
9117,2024-05-22 14:51:00,273.45,273.5,273.2,273.35
9118,2024-05-22 14:54:00,273.3,273.35,272.1,272.2
9119,2024-05-22 14:57:00,272.3,272.5,272.1,272.3
9120,2024-05-22 15:00:00,272.15,273.05,272.15,272.95
9121,2024-05-22 15:03:00,273.0,273.15,272.55,273.05
9122,2024-05-22 15:06:00,273.1,273.15,272.75,273.1
9123,2024-05-22 15:09:00,273.15,273.45,273.0,273.1
9124,2024-05-22 15:12:00,273.2,273.2,272.75,273.05
9125,2024-05-22 15:15:00,273.1,273.15,272.85,273.15
9126,2024-05-22 15:18:00,273.1,273.3,272.8,273.3
9127,2024-05-22 15:21:00,273.35,273.8,273.3,273.75
9128,2024-05-22 15:24:00,273.7,273.8,273.4,273.5
9129,2024-05-22 15:27:00,273.45,274.0,273.45,273.85
9130,2024-05-23 09:15:00,273.7,273.8,270.1,270.35
9131,2024-05-23 09:18:00,270.45,270.65,269.25,270.4
9132,2024-05-23 09:21:00,270.25,271.6,269.75,270.45
9133,2024-05-23 09:24:00,270.6,271.5,269.45,271.35
9134,2024-05-23 09:27:00,271.5,271.5,268.45,268.7
9135,2024-05-23 09:30:00,268.6,269.1,265.35,266.65
9136,2024-05-23 09:33:00,266.5,268.95,266.5,267.45
9137,2024-05-23 09:36:00,267.55,268.2,266.8,268.05
9138,2024-05-23 09:39:00,268.2,268.45,267.75,268.0
9139,2024-05-23 09:42:00,267.95,268.7,267.85,268.7
9140,2024-05-23 09:45:00,268.55,268.75,267.1,267.95
9141,2024-05-23 09:48:00,267.85,268.9,267.6,268.75
9142,2024-05-23 09:51:00,268.85,269.5,268.3,268.45
9143,2024-05-23 09:54:00,268.35,268.8,267.8,267.9
9144,2024-05-23 09:57:00,268.0,268.25,267.75,267.95
9145,2024-05-23 10:00:00,268.0,268.15,267.75,267.85
9146,2024-05-23 10:03:00,267.95,268.15,267.6,268.1
9147,2024-05-23 10:06:00,268.25,268.55,268.0,268.45
9148,2024-05-23 10:09:00,268.5,269.25,268.05,269.2
9149,2024-05-23 10:12:00,269.15,269.25,268.75,269.0
9150,2024-05-23 10:15:00,268.9,269.2,268.75,268.9
9151,2024-05-23 10:18:00,268.8,269.15,268.55,269.0
9152,2024-05-23 10:21:00,269.05,269.15,268.25,268.6
9153,2024-05-23 10:24:00,268.75,268.75,267.1,267.3
9154,2024-05-23 10:27:00,267.35,268.05,267.05,267.95
9155,2024-05-23 10:30:00,267.85,268.05,266.5,266.65
9156,2024-05-23 10:33:00,266.7,267.3,266.6,266.85
9157,2024-05-23 10:36:00,266.95,266.95,265.6,265.7
9158,2024-05-23 10:39:00,265.75,265.75,264.6,264.85
9159,2024-05-23 10:42:00,265.0,265.75,264.6,265.3
9160,2024-05-23 10:45:00,265.4,265.95,265.05,265.35
9161,2024-05-23 10:48:00,265.2,265.6,264.8,265.5
9162,2024-05-23 10:51:00,265.6,265.9,265.0,265.1
9163,2024-05-23 10:54:00,265.0,265.05,264.35,264.75
9164,2024-05-23 10:57:00,264.6,264.8,264.3,264.45
9165,2024-05-23 11:00:00,264.5,264.9,264.25,264.35
9166,2024-05-23 11:03:00,264.3,264.9,264.05,264.05
9167,2024-05-23 11:06:00,264.1,264.85,264.1,264.3
9168,2024-05-23 11:09:00,264.4,264.55,264.15,264.5
9169,2024-05-23 11:12:00,264.45,264.5,263.8,264.0
9170,2024-05-23 11:15:00,264.05,264.3,264.0,264.25
9171,2024-05-23 11:18:00,264.1,264.5,264.0,264.25
9172,2024-05-23 11:21:00,264.4,264.45,264.15,264.25
9173,2024-05-23 11:24:00,264.3,264.35,263.7,263.85
9174,2024-05-23 11:27:00,263.9,264.85,263.8,264.85
9175,2024-05-23 11:30:00,264.8,265.25,264.8,265.1
9176,2024-05-23 11:33:00,265.2,265.35,265.0,265.15
9177,2024-05-23 11:36:00,265.1,265.3,264.65,265.3
9178,2024-05-23 11:39:00,265.2,265.3,264.85,264.95
9179,2024-05-23 11:42:00,264.9,265.1,264.6,264.8
9180,2024-05-23 11:45:00,264.75,264.9,264.3,264.7
9181,2024-05-23 11:48:00,264.55,265.1,264.45,265.1
9182,2024-05-23 11:51:00,265.0,265.1,264.6,264.95
9183,2024-05-23 11:54:00,264.8,264.9,264.6,264.75
9184,2024-05-23 11:57:00,264.8,265.25,264.8,265.0
9185,2024-05-23 12:00:00,264.95,265.2,264.75,264.9
9186,2024-05-23 12:03:00,264.85,265.0,264.7,264.8
9187,2024-05-23 12:06:00,264.75,265.0,264.7,265.0
9188,2024-05-23 12:09:00,264.95,265.15,264.7,264.9
9189,2024-05-23 12:12:00,264.85,265.5,264.8,265.5
9190,2024-05-23 12:15:00,265.6,266.3,265.5,266.15
9191,2024-05-23 12:18:00,266.1,266.3,266.0,266.2
9192,2024-05-23 12:21:00,266.1,266.75,266.1,266.5
9193,2024-05-23 12:24:00,266.3,266.55,265.65,265.8
9194,2024-05-23 12:27:00,265.7,266.0,265.6,265.95
9195,2024-05-23 12:30:00,265.75,266.1,265.6,266.0
9196,2024-05-23 12:33:00,265.95,266.25,265.6,265.9
9197,2024-05-23 12:36:00,265.8,266.15,265.8,266.05
9198,2024-05-23 12:39:00,265.95,266.05,265.55,266.0
9199,2024-05-23 12:42:00,265.9,266.25,265.9,266.15
9200,2024-05-23 12:45:00,266.0,266.4,265.9,266.35
9201,2024-05-23 12:48:00,266.4,266.6,266.2,266.4
9202,2024-05-23 12:51:00,266.35,266.4,265.55,265.95
9203,2024-05-23 12:54:00,265.8,266.05,265.75,266.05
9204,2024-05-23 12:57:00,266.2,266.2,265.75,265.9
9205,2024-05-23 13:00:00,265.8,266.0,265.55,265.75
9206,2024-05-23 13:03:00,265.6,265.75,265.15,265.7
9207,2024-05-23 13:06:00,265.65,266.0,265.65,265.8
9208,2024-05-23 13:09:00,265.95,266.1,265.5,265.55
9209,2024-05-23 13:12:00,265.5,265.85,265.15,265.25
9210,2024-05-23 13:15:00,265.2,265.55,264.8,265.5
9211,2024-05-23 13:18:00,265.4,265.65,265.0,265.3
9212,2024-05-23 13:21:00,265.25,265.35,264.55,265.15
9213,2024-05-23 13:24:00,265.05,265.8,264.9,265.55
9214,2024-05-23 13:27:00,265.6,265.75,265.05,265.3
9215,2024-05-23 13:30:00,265.25,265.6,265.25,265.6
9216,2024-05-23 13:33:00,265.55,265.7,265.25,265.45
9217,2024-05-23 13:36:00,265.35,265.55,265.05,265.3
9218,2024-05-23 13:39:00,265.25,265.4,265.05,265.35
9219,2024-05-23 13:42:00,265.3,265.45,265.2,265.45
9220,2024-05-23 13:45:00,265.35,265.5,265.2,265.4
9221,2024-05-23 13:48:00,265.35,265.6,265.2,265.6
9222,2024-05-23 13:51:00,265.65,265.75,265.45,265.6
9223,2024-05-23 13:54:00,265.5,265.7,265.45,265.65
9224,2024-05-23 13:57:00,265.7,265.7,265.5,265.55
9225,2024-05-23 14:00:00,265.6,265.6,265.45,265.6
9226,2024-05-23 14:03:00,265.55,265.8,265.45,265.65
9227,2024-05-23 14:06:00,265.5,265.65,265.45,265.6
9228,2024-05-23 14:09:00,265.55,265.6,265.2,265.3
9229,2024-05-23 14:12:00,265.4,265.5,265.0,265.2
9230,2024-05-23 14:15:00,265.35,265.45,265.2,265.35
9231,2024-05-23 14:18:00,265.25,265.35,264.75,264.85
9232,2024-05-23 14:21:00,264.9,265.15,264.85,265.0
9233,2024-05-23 14:24:00,265.15,265.15,265.0,265.15
9234,2024-05-23 14:27:00,265.1,265.15,264.75,265.1
9235,2024-05-23 14:30:00,265.0,265.15,264.75,264.9
9236,2024-05-23 14:33:00,264.8,265.1,264.7,264.8
9237,2024-05-23 14:36:00,264.85,264.95,264.65,264.9
9238,2024-05-23 14:39:00,264.85,264.95,264.8,264.9
9239,2024-05-23 14:42:00,264.85,265.45,264.85,265.45
9240,2024-05-23 14:45:00,265.55,266.2,265.5,266.1
9241,2024-05-23 14:48:00,265.95,266.8,265.85,266.35
9242,2024-05-23 14:51:00,266.5,266.95,266.2,266.8
9243,2024-05-23 14:54:00,266.85,266.85,266.35,266.45
9244,2024-05-23 14:57:00,266.5,266.6,266.2,266.35
9245,2024-05-23 15:00:00,266.45,266.5,265.85,266.1
9246,2024-05-23 15:03:00,266.05,266.2,265.8,266.1
9247,2024-05-23 15:06:00,266.05,266.5,266.05,266.45
9248,2024-05-23 15:09:00,266.3,266.5,266.15,266.4
9249,2024-05-23 15:12:00,266.5,266.5,266.1,266.1
9250,2024-05-23 15:15:00,266.15,266.3,265.85,266.15
9251,2024-05-23 15:18:00,266.2,266.5,265.85,266.25
9252,2024-05-23 15:21:00,266.2,266.35,265.8,265.9
9253,2024-05-23 15:24:00,265.8,265.9,265.6,265.7
9254,2024-05-23 15:27:00,265.8,267.0,265.3,267.0
9255,2024-05-24 09:15:00,266.95,268.55,266.65,268.45
9256,2024-05-24 09:18:00,268.4,268.65,267.8,268.5
9257,2024-05-24 09:21:00,268.45,269.1,268.4,268.65
9258,2024-05-24 09:24:00,268.75,269.1,268.45,269.1
9259,2024-05-24 09:27:00,268.95,269.8,268.75,269.8
9260,2024-05-24 09:30:00,269.7,270.7,269.65,269.9
9261,2024-05-24 09:33:00,269.95,269.95,269.3,269.55
9262,2024-05-24 09:36:00,269.5,269.8,268.4,268.4
9263,2024-05-24 09:39:00,268.5,269.5,267.75,269.45
9264,2024-05-24 09:42:00,269.4,269.75,268.95,269.05
9265,2024-05-24 09:45:00,269.15,269.35,268.9,269.3
9266,2024-05-24 09:48:00,269.2,270.0,269.15,269.95
9267,2024-05-24 09:51:00,269.9,269.9,269.1,269.35
9268,2024-05-24 09:54:00,269.3,270.0,269.3,269.55
9269,2024-05-24 09:57:00,269.45,269.55,269.3,269.55
9270,2024-05-24 10:00:00,269.5,269.7,269.2,269.2
9271,2024-05-24 10:03:00,269.1,269.45,268.9,269.35
9272,2024-05-24 10:06:00,269.3,269.4,268.7,269.0
9273,2024-05-24 10:09:00,269.05,269.95,268.95,269.9
9274,2024-05-24 10:12:00,269.85,269.95,269.7,269.8
9275,2024-05-24 10:15:00,269.75,269.95,269.75,269.9
9276,2024-05-24 10:18:00,269.95,270.0,269.55,269.6
9277,2024-05-24 10:21:00,269.55,270.0,269.3,270.0
9278,2024-05-24 10:24:00,269.95,270.0,269.7,269.85
9279,2024-05-24 10:27:00,269.9,269.9,269.65,269.9
9280,2024-05-24 10:30:00,269.75,269.9,269.6,269.65
9281,2024-05-24 10:33:00,269.7,269.9,269.6,269.75
9282,2024-05-24 10:36:00,269.8,269.9,269.6,269.7
9283,2024-05-24 10:39:00,269.65,269.7,269.45,269.7
9284,2024-05-24 10:42:00,269.75,269.75,269.15,269.15
9285,2024-05-24 10:45:00,269.1,269.75,268.9,269.6
9286,2024-05-24 10:48:00,269.75,269.75,269.15,269.2
9287,2024-05-24 10:51:00,269.25,269.25,269.0,269.2
9288,2024-05-24 10:54:00,269.1,269.25,268.95,269.15
9289,2024-05-24 10:57:00,269.1,269.5,269.1,269.2
9290,2024-05-24 11:00:00,269.3,269.5,269.15,269.45
9291,2024-05-24 11:03:00,269.5,269.75,269.4,269.7
9292,2024-05-24 11:06:00,269.6,269.9,269.55,269.75
9293,2024-05-24 11:09:00,269.8,269.8,269.25,269.55
9294,2024-05-24 11:12:00,269.4,269.75,269.4,269.7
9295,2024-05-24 11:15:00,269.65,269.85,269.5,269.85
9296,2024-05-24 11:18:00,269.8,269.85,269.6,269.8
9297,2024-05-24 11:21:00,269.7,269.85,269.55,269.65
9298,2024-05-24 11:24:00,269.6,269.75,269.25,269.75
9299,2024-05-24 11:27:00,269.8,269.85,269.45,269.7
9300,2024-05-24 11:30:00,269.5,269.7,269.4,269.55
9301,2024-05-24 11:33:00,269.5,269.6,269.1,269.2
9302,2024-05-24 11:36:00,269.15,269.3,268.75,269.15
9303,2024-05-24 11:39:00,269.1,269.65,269.05,269.3
9304,2024-05-24 11:42:00,269.35,269.5,269.15,269.2
9305,2024-05-24 11:45:00,269.15,269.35,268.8,268.95
9306,2024-05-24 11:48:00,269.0,269.15,268.75,269.05
9307,2024-05-24 11:51:00,269.0,269.3,269.0,269.2
9308,2024-05-24 11:54:00,269.05,269.2,268.8,268.9
9309,2024-05-24 11:57:00,268.95,269.05,268.8,269.0
9310,2024-05-24 12:00:00,268.95,269.0,268.65,268.85
9311,2024-05-24 12:03:00,268.8,269.35,268.5,269.3
9312,2024-05-24 12:06:00,269.35,269.35,268.9,268.95
9313,2024-05-24 12:09:00,268.9,268.95,268.75,268.9
9314,2024-05-24 12:12:00,268.95,268.95,268.4,268.6
9315,2024-05-24 12:15:00,268.55,268.6,268.35,268.4
9316,2024-05-24 12:18:00,268.35,268.5,268.25,268.35
9317,2024-05-24 12:21:00,268.4,268.55,268.4,268.5
9318,2024-05-24 12:24:00,268.45,268.6,268.25,268.35
9319,2024-05-24 12:27:00,268.3,269.3,268.3,269.25
9320,2024-05-24 12:30:00,269.2,269.75,269.2,269.4
9321,2024-05-24 12:33:00,269.35,269.5,269.2,269.35
9322,2024-05-24 12:36:00,269.4,269.5,269.2,269.4
9323,2024-05-24 12:39:00,269.35,269.8,269.35,269.8
9324,2024-05-24 12:42:00,269.85,269.9,269.6,269.6
9325,2024-05-24 12:45:00,269.5,269.6,269.2,269.25
9326,2024-05-24 12:48:00,269.2,269.35,269.0,269.3
9327,2024-05-24 12:51:00,269.25,269.7,268.9,269.0
9328,2024-05-24 12:54:00,269.05,269.6,269.0,269.55
9329,2024-05-24 12:57:00,269.4,269.55,269.0,269.55
9330,2024-05-24 13:00:00,269.5,269.6,269.2,269.5
9331,2024-05-24 13:03:00,269.45,269.5,268.95,269.0
9332,2024-05-24 13:06:00,269.1,269.45,268.95,268.95
9333,2024-05-24 13:09:00,269.0,269.0,268.3,268.45
9334,2024-05-24 13:12:00,268.4,268.9,268.25,268.9
9335,2024-05-24 13:15:00,268.85,268.95,268.8,268.9
9336,2024-05-24 13:18:00,268.75,269.0,268.75,268.95
9337,2024-05-24 13:21:00,269.0,269.9,269.0,269.4
9338,2024-05-24 13:24:00,269.35,269.4,269.0,269.15
9339,2024-05-24 13:27:00,269.25,269.55,269.25,269.5
9340,2024-05-24 13:30:00,269.55,269.7,269.45,269.7
9341,2024-05-24 13:33:00,269.6,269.7,269.55,269.7
9342,2024-05-24 13:36:00,269.6,269.7,269.5,269.55
9343,2024-05-24 13:39:00,269.6,269.6,269.35,269.5
9344,2024-05-24 13:42:00,269.45,269.5,269.2,269.3
9345,2024-05-24 13:45:00,269.35,269.8,269.15,269.8
9346,2024-05-24 13:48:00,269.75,270.0,269.6,269.75
9347,2024-05-24 13:51:00,269.8,269.9,269.7,269.9
9348,2024-05-24 13:54:00,269.85,269.9,269.6,269.8
9349,2024-05-24 13:57:00,269.75,269.9,269.65,269.85
9350,2024-05-24 14:00:00,269.9,270.35,269.85,270.2
9351,2024-05-24 14:03:00,270.1,271.0,270.1,270.9
9352,2024-05-24 14:06:00,270.85,271.25,270.5,270.7
9353,2024-05-24 14:09:00,270.65,270.8,270.3,270.75
9354,2024-05-24 14:12:00,270.7,270.95,270.6,270.95
9355,2024-05-24 14:15:00,270.9,270.95,270.3,270.45
9356,2024-05-24 14:18:00,270.5,270.65,270.2,270.45
9357,2024-05-24 14:21:00,270.5,270.55,270.1,270.15
9358,2024-05-24 14:24:00,270.2,270.3,269.7,269.75
9359,2024-05-24 14:27:00,269.8,269.8,269.0,269.0
9360,2024-05-24 14:30:00,269.05,269.2,268.25,268.75
9361,2024-05-24 14:33:00,268.8,269.05,268.4,268.85
9362,2024-05-24 14:36:00,268.95,269.4,268.7,269.2
9363,2024-05-24 14:39:00,269.15,269.4,268.95,269.4
9364,2024-05-24 14:42:00,269.2,269.5,269.05,269.05
9365,2024-05-24 14:45:00,269.25,269.3,268.8,268.85
9366,2024-05-24 14:48:00,268.95,268.95,268.35,268.7
9367,2024-05-24 14:51:00,268.65,268.8,268.6,268.8
9368,2024-05-24 14:54:00,268.65,268.8,267.65,268.0
9369,2024-05-24 14:57:00,267.95,268.35,267.75,268.35
9370,2024-05-24 15:00:00,268.25,268.35,267.3,267.4
9371,2024-05-24 15:03:00,267.35,268.2,267.35,268.05
9372,2024-05-24 15:06:00,268.0,268.6,267.95,268.45
9373,2024-05-24 15:09:00,268.55,268.95,268.25,268.4
9374,2024-05-24 15:12:00,268.3,268.35,267.75,267.8
9375,2024-05-24 15:15:00,267.85,268.15,267.8,267.95
9376,2024-05-24 15:18:00,267.9,267.9,267.55,267.75
9377,2024-05-24 15:21:00,267.7,267.95,267.55,267.9
9378,2024-05-24 15:24:00,267.7,267.95,267.5,267.7
9379,2024-05-24 15:27:00,267.6,267.95,267.3,267.3
9380,2024-05-27 09:15:00,268.6,270.0,267.95,268.6
9381,2024-05-27 09:18:00,268.65,269.25,266.9,267.3
9382,2024-05-27 09:21:00,267.25,269.35,267.05,269.35
9383,2024-05-27 09:24:00,269.2,269.4,268.2,268.8
9384,2024-05-27 09:27:00,268.95,268.95,268.3,268.9
9385,2024-05-27 09:30:00,268.85,269.35,267.5,267.6
9386,2024-05-27 09:33:00,267.7,268.15,267.2,267.3
9387,2024-05-27 09:36:00,267.45,268.3,267.3,267.75
9388,2024-05-27 09:39:00,267.7,267.8,266.3,266.95
9389,2024-05-27 09:42:00,266.85,267.0,265.1,265.4
9390,2024-05-27 09:45:00,265.5,265.5,263.65,263.65
9391,2024-05-27 09:48:00,263.8,264.0,262.65,263.0
9392,2024-05-27 09:51:00,263.15,263.9,262.65,263.9
9393,2024-05-27 09:54:00,263.85,263.9,262.45,262.7
9394,2024-05-27 09:57:00,262.55,263.9,262.55,262.7
9395,2024-05-27 10:00:00,262.65,263.0,261.75,262.2
9396,2024-05-27 10:03:00,262.4,263.65,261.95,263.35
9397,2024-05-27 10:06:00,263.55,263.95,263.05,263.8
9398,2024-05-27 10:09:00,263.95,264.25,263.8,264.1
9399,2024-05-27 10:12:00,264.0,264.15,263.5,263.95
9400,2024-05-27 10:15:00,263.8,264.2,263.4,264.05
9401,2024-05-27 10:18:00,264.0,264.2,263.55,263.95
9402,2024-05-27 10:21:00,263.8,264.8,263.8,264.7
9403,2024-05-27 10:24:00,264.65,265.0,264.45,264.85
9404,2024-05-27 10:27:00,264.8,265.15,264.45,265.15
9405,2024-05-27 10:30:00,265.0,265.4,264.95,265.05
9406,2024-05-27 10:33:00,264.95,265.3,264.7,265.0
9407,2024-05-27 10:36:00,264.75,265.25,264.7,264.9
9408,2024-05-27 10:39:00,264.85,265.4,264.7,265.4
9409,2024-05-27 10:42:00,265.35,265.6,265.05,265.5
9410,2024-05-27 10:45:00,265.6,265.8,265.1,265.45
9411,2024-05-27 10:48:00,265.4,265.45,264.1,264.2
9412,2024-05-27 10:51:00,264.1,264.35,263.65,264.05
9413,2024-05-27 10:54:00,264.15,264.4,263.7,264.25
9414,2024-05-27 10:57:00,264.1,264.8,264.1,264.7
9415,2024-05-27 11:00:00,264.65,265.0,264.6,264.85
9416,2024-05-27 11:03:00,264.9,265.2,264.7,264.7
9417,2024-05-27 11:06:00,264.75,264.95,264.1,264.15
9418,2024-05-27 11:09:00,264.1,264.4,263.8,264.15
9419,2024-05-27 11:12:00,264.3,264.45,263.9,264.45
9420,2024-05-27 11:15:00,264.35,264.65,263.9,264.65
9421,2024-05-27 11:18:00,264.6,264.9,264.4,264.45
9422,2024-05-27 11:21:00,264.4,264.45,263.65,263.85
9423,2024-05-27 11:24:00,263.8,264.0,263.3,263.4
9424,2024-05-27 11:27:00,263.45,263.75,262.6,262.7
9425,2024-05-27 11:30:00,262.95,263.7,262.9,263.3
9426,2024-05-27 11:33:00,263.35,263.55,263.05,263.5
9427,2024-05-27 11:36:00,263.4,263.5,262.75,262.85
9428,2024-05-27 11:39:00,262.9,263.15,262.8,263.15
9429,2024-05-27 11:42:00,263.25,263.9,263.05,263.9
9430,2024-05-27 11:45:00,263.85,264.0,263.7,263.95
9431,2024-05-27 11:48:00,263.85,263.95,263.5,263.8
9432,2024-05-27 11:51:00,263.7,263.8,263.25,263.5
9433,2024-05-27 11:54:00,263.7,263.9,263.6,263.75
9434,2024-05-27 11:57:00,263.7,263.8,263.3,263.5
9435,2024-05-27 12:00:00,263.4,263.5,263.1,263.35
9436,2024-05-27 12:03:00,263.25,263.4,262.65,263.1
9437,2024-05-27 12:06:00,263.0,263.4,262.6,262.85
9438,2024-05-27 12:09:00,262.9,263.1,262.4,263.05
9439,2024-05-27 12:12:00,262.9,263.5,262.6,263.5
9440,2024-05-27 12:15:00,263.4,263.95,263.35,263.75
9441,2024-05-27 12:18:00,263.8,263.85,263.55,263.75
9442,2024-05-27 12:21:00,263.6,263.75,263.1,263.35
9443,2024-05-27 12:24:00,263.25,263.75,263.25,263.4
9444,2024-05-27 12:27:00,263.35,263.6,263.2,263.4
9445,2024-05-27 12:30:00,263.45,263.6,262.45,262.65
9446,2024-05-27 12:33:00,262.9,263.0,262.7,263.0
9447,2024-05-27 12:36:00,262.85,263.1,262.5,263.05
9448,2024-05-27 12:39:00,263.0,263.35,262.9,263.35
9449,2024-05-27 12:42:00,263.3,264.3,263.1,263.7
9450,2024-05-27 12:45:00,263.6,263.85,263.55,263.85
9451,2024-05-27 12:48:00,263.65,264.3,263.65,264.1
9452,2024-05-27 12:51:00,264.0,264.1,263.7,264.0
9453,2024-05-27 12:54:00,263.95,264.15,263.55,264.1
9454,2024-05-27 12:57:00,264.15,264.15,263.7,263.8
9455,2024-05-27 13:00:00,263.9,265.55,263.9,265.55
9456,2024-05-27 13:03:00,265.75,265.75,265.0,265.4
9457,2024-05-27 13:06:00,265.55,265.55,264.5,265.3
9458,2024-05-27 13:09:00,265.25,265.35,264.65,264.9
9459,2024-05-27 13:12:00,264.8,265.0,264.6,265.0
9460,2024-05-27 13:15:00,264.85,265.2,264.85,264.9
9461,2024-05-27 13:18:00,264.85,265.3,264.8,265.3
9462,2024-05-27 13:21:00,265.2,265.5,265.0,265.5
9463,2024-05-27 13:24:00,265.45,265.9,265.35,265.9
9464,2024-05-27 13:27:00,265.8,266.0,265.7,265.95
9465,2024-05-27 13:30:00,265.85,266.25,265.85,266.0
9466,2024-05-27 13:33:00,266.05,266.25,265.95,266.05
9467,2024-05-27 13:36:00,266.0,266.05,265.5,265.85
9468,2024-05-27 13:39:00,265.8,265.95,264.85,265.0
9469,2024-05-27 13:42:00,265.05,265.2,264.65,264.9
9470,2024-05-27 13:45:00,264.65,264.9,264.3,264.6
9471,2024-05-27 13:48:00,264.55,264.65,264.05,264.15
9472,2024-05-27 13:51:00,264.1,264.55,263.75,264.5
9473,2024-05-27 13:54:00,264.45,265.6,264.15,265.45
9474,2024-05-27 13:57:00,265.5,265.7,265.25,265.35
9475,2024-05-27 14:00:00,265.4,265.4,264.8,265.2
9476,2024-05-27 14:03:00,265.3,265.5,265.0,265.1
9477,2024-05-27 14:06:00,264.95,265.25,264.55,264.7
9478,2024-05-27 14:09:00,264.6,265.1,264.5,265.1
9479,2024-05-27 14:12:00,265.15,265.15,264.5,264.5
9480,2024-05-27 14:15:00,264.6,264.6,264.1,264.4
9481,2024-05-27 14:18:00,264.45,265.0,264.25,264.7
9482,2024-05-27 14:21:00,264.65,264.7,263.9,264.2
9483,2024-05-27 14:24:00,264.0,264.5,263.9,264.4
9484,2024-05-27 14:27:00,264.45,264.9,264.3,264.7
9485,2024-05-27 14:30:00,264.6,264.75,263.35,264.15
9486,2024-05-27 14:33:00,264.3,264.35,263.6,263.65
9487,2024-05-27 14:36:00,263.7,263.95,263.55,263.65
9488,2024-05-27 14:39:00,263.75,263.9,263.4,263.65
9489,2024-05-27 14:42:00,263.6,263.6,263.05,263.05
9490,2024-05-27 14:45:00,263.2,263.55,263.0,263.15
9491,2024-05-27 14:48:00,263.2,263.45,262.6,262.9
9492,2024-05-27 14:51:00,262.85,263.0,262.35,262.35
9493,2024-05-27 14:54:00,262.3,262.95,262.2,262.95
9494,2024-05-27 14:57:00,262.8,263.0,262.35,262.5
9495,2024-05-27 15:00:00,262.45,262.7,261.95,262.65
9496,2024-05-27 15:03:00,262.5,262.8,262.0,262.0
9497,2024-05-27 15:06:00,262.2,262.45,262.0,262.25
9498,2024-05-27 15:09:00,262.3,262.75,262.3,262.6
9499,2024-05-27 15:12:00,262.65,262.95,262.5,262.9
9500,2024-05-27 15:15:00,262.85,263.0,262.5,262.65
9501,2024-05-27 15:18:00,262.5,263.25,262.4,263.05
9502,2024-05-27 15:21:00,263.1,263.15,262.75,262.9
9503,2024-05-27 15:24:00,262.95,263.2,262.5,263.2
9504,2024-05-27 15:27:00,263.05,263.3,262.8,263.0
9505,2024-05-28 09:15:00,259.2,263.2,259.05,262.4
9506,2024-05-28 09:18:00,262.0,263.3,261.5,262.05
9507,2024-05-28 09:21:00,262.1,263.95,262.0,263.2
9508,2024-05-28 09:24:00,263.15,263.3,262.0,263.05
9509,2024-05-28 09:27:00,263.0,265.65,263.0,265.05
9510,2024-05-28 09:30:00,265.0,265.2,262.15,262.35
9511,2024-05-28 09:33:00,262.5,263.2,260.8,261.15
9512,2024-05-28 09:36:00,261.0,262.25,260.5,261.9
9513,2024-05-28 09:39:00,261.95,262.0,258.7,259.3
9514,2024-05-28 09:42:00,259.45,260.2,259.25,259.8
9515,2024-05-28 09:45:00,259.85,260.15,259.0,260.15
9516,2024-05-28 09:48:00,260.0,260.2,258.9,258.95
9517,2024-05-28 09:51:00,259.0,259.55,258.8,258.85
9518,2024-05-28 09:54:00,258.95,259.4,258.7,258.8
9519,2024-05-28 09:57:00,258.9,260.0,258.8,259.95
9520,2024-05-28 10:00:00,260.0,260.7,259.45,260.2
9521,2024-05-28 10:03:00,260.25,260.4,259.5,260.4
9522,2024-05-28 10:06:00,260.35,260.45,259.8,260.35
9523,2024-05-28 10:09:00,260.3,260.6,259.5,260.25
9524,2024-05-28 10:12:00,260.45,260.8,259.8,260.5
9525,2024-05-28 10:15:00,260.55,261.7,260.5,261.0
9526,2024-05-28 10:18:00,261.1,262.7,261.0,262.7
9527,2024-05-28 10:21:00,262.6,262.9,261.2,261.25
9528,2024-05-28 10:24:00,261.35,261.5,260.55,260.65
9529,2024-05-28 10:27:00,260.75,260.8,260.35,260.4
9530,2024-05-28 10:30:00,260.45,260.6,260.15,260.6
9531,2024-05-28 10:33:00,260.55,260.6,259.8,260.15
9532,2024-05-28 10:36:00,260.1,260.35,259.75,259.85
9533,2024-05-28 10:39:00,259.8,260.1,259.75,259.8
9534,2024-05-28 10:42:00,259.95,260.8,259.8,260.6
9535,2024-05-28 10:45:00,260.55,260.65,259.85,260.05
9536,2024-05-28 10:48:00,260.1,260.75,259.9,260.7
9537,2024-05-28 10:51:00,260.8,260.85,260.3,260.85
9538,2024-05-28 10:54:00,260.7,260.9,260.65,260.7
9539,2024-05-28 10:57:00,260.6,260.95,260.5,260.8
9540,2024-05-28 11:00:00,260.75,262.0,260.75,261.9
9541,2024-05-28 11:03:00,261.75,261.75,260.95,261.55
9542,2024-05-28 11:06:00,261.35,261.9,261.2,261.55
9543,2024-05-28 11:09:00,261.5,261.5,260.75,260.75
9544,2024-05-28 11:12:00,260.9,261.75,260.7,261.35
9545,2024-05-28 11:15:00,261.4,261.6,261.15,261.4
9546,2024-05-28 11:18:00,261.35,261.45,260.85,261.05
9547,2024-05-28 11:21:00,261.1,261.4,260.95,260.95
9548,2024-05-28 11:24:00,261.0,261.0,260.3,260.4
9549,2024-05-28 11:27:00,260.35,261.0,260.35,260.5
9550,2024-05-28 11:30:00,260.6,261.3,260.05,261.25
9551,2024-05-28 11:33:00,261.05,261.4,260.6,260.85
9552,2024-05-28 11:36:00,260.9,261.4,260.5,260.65
9553,2024-05-28 11:39:00,260.5,260.75,260.0,260.25
9554,2024-05-28 11:42:00,260.2,260.35,259.7,260.05
9555,2024-05-28 11:45:00,260.0,260.65,259.7,260.2
9556,2024-05-28 11:48:00,260.25,260.35,259.6,259.65
9557,2024-05-28 11:51:00,259.8,260.0,259.45,259.7
9558,2024-05-28 11:54:00,259.85,260.2,259.6,259.65
9559,2024-05-28 11:57:00,259.75,259.9,259.5,259.6
9560,2024-05-28 12:00:00,259.7,260.0,259.5,260.0
9561,2024-05-28 12:03:00,259.9,260.0,259.5,259.75
9562,2024-05-28 12:06:00,259.7,259.95,259.65,259.85
9563,2024-05-28 12:09:00,259.8,260.2,259.6,259.8
9564,2024-05-28 12:12:00,259.7,260.3,259.5,259.6
9565,2024-05-28 12:15:00,259.55,259.55,259.05,259.5
9566,2024-05-28 12:18:00,259.4,259.85,259.1,259.1
9567,2024-05-28 12:21:00,259.0,259.25,258.55,258.55
9568,2024-05-28 12:24:00,258.7,259.2,258.5,259.15
9569,2024-05-28 12:27:00,259.05,259.2,258.45,258.6
9570,2024-05-28 12:30:00,258.65,258.85,258.35,258.85
9571,2024-05-28 12:33:00,258.8,258.85,258.2,258.3
9572,2024-05-28 12:36:00,258.45,258.9,258.05,258.05
9573,2024-05-28 12:39:00,258.1,258.95,257.7,258.9
9574,2024-05-28 12:42:00,258.75,259.15,258.55,258.9
9575,2024-05-28 12:45:00,258.95,259.0,258.6,258.6
9576,2024-05-28 12:48:00,258.65,258.85,258.3,258.85
9577,2024-05-28 12:51:00,258.65,259.6,258.65,259.4
9578,2024-05-28 12:54:00,259.25,259.8,259.05,259.6
9579,2024-05-28 12:57:00,259.65,259.75,259.25,259.3
9580,2024-05-28 13:00:00,259.45,259.75,259.25,259.7
9581,2024-05-28 13:03:00,259.75,260.1,259.75,259.85
9582,2024-05-28 13:06:00,259.95,260.1,259.85,259.95
9583,2024-05-28 13:09:00,260.0,260.15,259.75,260.1
9584,2024-05-28 13:12:00,260.05,260.7,259.9,260.6
9585,2024-05-28 13:15:00,260.65,261.0,260.5,260.7
9586,2024-05-28 13:18:00,260.6,260.85,260.2,260.4
9587,2024-05-28 13:21:00,260.45,260.7,260.2,260.25
9588,2024-05-28 13:24:00,260.35,260.5,260.15,260.15
9589,2024-05-28 13:27:00,260.25,260.65,260.2,260.5
9590,2024-05-28 13:30:00,260.4,260.5,259.55,259.75
9591,2024-05-28 13:33:00,259.55,260.1,259.55,259.9
9592,2024-05-28 13:36:00,259.85,260.5,259.7,260.25
9593,2024-05-28 13:39:00,260.15,261.0,260.05,260.55
9594,2024-05-28 13:42:00,260.45,260.65,260.25,260.5
9595,2024-05-28 13:45:00,260.6,260.6,260.1,260.2
9596,2024-05-28 13:48:00,260.15,260.2,260.0,260.1
9597,2024-05-28 13:51:00,260.05,260.35,260.0,260.2
9598,2024-05-28 13:54:00,260.3,260.3,259.65,259.75
9599,2024-05-28 13:57:00,259.9,260.1,259.7,259.95
9600,2024-05-28 14:00:00,259.9,259.95,259.4,259.85
9601,2024-05-28 14:03:00,259.9,259.95,259.15,259.2
9602,2024-05-28 14:06:00,259.35,259.5,259.2,259.3
9603,2024-05-28 14:09:00,259.25,259.5,259.05,259.2
9604,2024-05-28 14:12:00,259.3,259.6,259.05,259.2
9605,2024-05-28 14:15:00,259.05,259.65,258.9,259.5
9606,2024-05-28 14:18:00,259.6,259.7,259.15,259.2
9607,2024-05-28 14:21:00,259.1,259.2,258.8,258.8
9608,2024-05-28 14:24:00,258.85,259.1,258.8,258.9
9609,2024-05-28 14:27:00,258.8,259.4,258.75,259.4
9610,2024-05-28 14:30:00,259.15,259.25,258.9,259.1
9611,2024-05-28 14:33:00,259.05,259.1,258.7,258.85
9612,2024-05-28 14:36:00,258.8,259.0,258.6,259.0
9613,2024-05-28 14:39:00,258.95,259.5,258.6,259.5
9614,2024-05-28 14:42:00,259.45,259.95,259.35,259.75
9615,2024-05-28 14:45:00,259.65,259.9,259.4,259.4
9616,2024-05-28 14:48:00,259.5,259.6,259.0,259.5
9617,2024-05-28 14:51:00,259.6,259.95,259.4,259.7
9618,2024-05-28 14:54:00,259.65,259.9,259.6,259.6
9619,2024-05-28 14:57:00,259.7,259.75,259.0,259.2
9620,2024-05-28 15:00:00,259.25,259.45,259.0,259.1
9621,2024-05-28 15:03:00,259.2,259.6,259.1,259.6
9622,2024-05-28 15:06:00,259.65,259.75,259.3,259.45
9623,2024-05-28 15:09:00,259.4,259.55,259.05,259.35
9624,2024-05-28 15:12:00,259.25,259.4,258.95,258.95
9625,2024-05-28 15:15:00,259.0,259.1,258.85,259.05
9626,2024-05-28 15:18:00,259.1,259.25,258.85,258.9
9627,2024-05-28 15:21:00,258.95,259.05,258.65,258.75
9628,2024-05-28 15:24:00,258.7,258.7,258.0,258.5
9629,2024-05-28 15:27:00,258.65,258.8,258.0,258.7
9630,2024-05-29 09:15:00,256.95,258.7,255.7,255.9
9631,2024-05-29 09:18:00,256.3,257.45,255.5,255.9
9632,2024-05-29 09:21:00,256.15,257.85,256.05,257.7
9633,2024-05-29 09:24:00,257.8,259.4,257.8,259.2
9634,2024-05-29 09:27:00,259.35,259.75,258.5,258.6
9635,2024-05-29 09:30:00,258.55,259.75,258.55,259.65
9636,2024-05-29 09:33:00,259.5,259.65,258.75,259.0
9637,2024-05-29 09:36:00,259.05,259.45,258.55,258.6
9638,2024-05-29 09:39:00,258.65,259.4,258.55,259.0
9639,2024-05-29 09:42:00,259.1,259.95,259.0,259.75
9640,2024-05-29 09:45:00,259.7,259.9,259.0,259.8
9641,2024-05-29 09:48:00,259.65,259.95,259.0,259.25
9642,2024-05-29 09:51:00,259.35,259.85,259.1,259.15
9643,2024-05-29 09:54:00,259.1,259.6,258.6,259.0
9644,2024-05-29 09:57:00,259.1,259.1,258.0,258.35
9645,2024-05-29 10:00:00,258.5,258.55,257.55,257.7
9646,2024-05-29 10:03:00,257.65,257.75,256.25,256.7
9647,2024-05-29 10:06:00,256.85,256.9,256.1,256.65
9648,2024-05-29 10:09:00,256.85,257.8,256.7,257.6
9649,2024-05-29 10:12:00,257.7,257.7,256.15,256.45
9650,2024-05-29 10:15:00,256.4,257.1,256.4,257.1
9651,2024-05-29 10:18:00,257.2,257.4,256.25,256.6
9652,2024-05-29 10:21:00,256.5,256.75,255.95,256.0
9653,2024-05-29 10:24:00,256.1,256.45,255.75,256.0
9654,2024-05-29 10:27:00,256.05,256.45,256.0,256.3
9655,2024-05-29 10:30:00,256.4,256.5,255.8,255.9
9656,2024-05-29 10:33:00,255.95,256.4,255.7,256.1
9657,2024-05-29 10:36:00,256.15,256.4,255.95,256.35
9658,2024-05-29 10:39:00,256.25,256.4,256.0,256.25
9659,2024-05-29 10:42:00,256.15,256.45,256.15,256.35
9660,2024-05-29 10:45:00,256.4,256.4,255.8,255.8
9661,2024-05-29 10:48:00,255.9,256.2,255.75,255.8
9662,2024-05-29 10:51:00,255.75,255.95,255.6,255.9
9663,2024-05-29 10:54:00,255.85,256.15,255.6,256.0
9664,2024-05-29 10:57:00,255.95,256.25,255.9,255.95
9665,2024-05-29 11:00:00,255.8,255.95,255.5,255.7
9666,2024-05-29 11:03:00,255.65,255.7,255.2,255.3
9667,2024-05-29 11:06:00,255.2,255.35,254.8,255.3
9668,2024-05-29 11:09:00,255.2,255.3,254.95,255.0
9669,2024-05-29 11:12:00,255.05,255.05,254.8,254.85
9670,2024-05-29 11:15:00,254.8,254.95,254.35,254.35
9671,2024-05-29 11:18:00,254.45,254.8,254.35,254.75
9672,2024-05-29 11:21:00,254.8,255.3,254.75,255.1
9673,2024-05-29 11:24:00,255.05,255.65,255.0,255.5
9674,2024-05-29 11:27:00,255.6,256.05,255.55,256.0
9675,2024-05-29 11:30:00,255.9,256.25,255.5,256.25
9676,2024-05-29 11:33:00,256.2,256.7,255.65,255.7
9677,2024-05-29 11:36:00,255.75,256.5,255.65,256.45
9678,2024-05-29 11:39:00,256.5,256.9,256.3,256.4
9679,2024-05-29 11:42:00,256.35,256.4,256.0,256.0
9680,2024-05-29 11:45:00,256.1,256.25,255.65,255.65
9681,2024-05-29 11:48:00,255.75,256.25,255.65,256.1
9682,2024-05-29 11:51:00,256.25,256.6,256.1,256.4
9683,2024-05-29 11:54:00,256.35,256.75,256.3,256.75
9684,2024-05-29 11:57:00,256.7,257.25,256.7,257.15
9685,2024-05-29 12:00:00,257.1,257.15,256.75,257.0
9686,2024-05-29 12:03:00,256.9,257.45,256.9,257.3
9687,2024-05-29 12:06:00,257.25,257.25,256.7,256.85
9688,2024-05-29 12:09:00,256.9,257.65,256.8,257.55
9689,2024-05-29 12:12:00,257.65,257.75,257.25,257.35
9690,2024-05-29 12:15:00,257.25,257.6,257.25,257.55
9691,2024-05-29 12:18:00,257.5,257.65,257.4,257.55
9692,2024-05-29 12:21:00,257.6,257.6,257.25,257.3
9693,2024-05-29 12:24:00,257.25,257.65,257.25,257.55
9694,2024-05-29 12:27:00,257.65,257.95,257.5,257.95
9695,2024-05-29 12:30:00,257.9,258.0,257.8,257.95
9696,2024-05-29 12:33:00,257.85,257.95,257.4,257.5
9697,2024-05-29 12:36:00,257.65,257.8,257.5,257.65
9698,2024-05-29 12:39:00,257.55,257.8,257.5,257.8
9699,2024-05-29 12:42:00,257.7,257.9,257.6,257.85
9700,2024-05-29 12:45:00,257.8,258.2,257.7,258.15
9701,2024-05-29 12:48:00,258.2,258.6,258.05,258.35
9702,2024-05-29 12:51:00,258.4,258.6,258.25,258.35
9703,2024-05-29 12:54:00,258.4,258.5,258.15,258.3
9704,2024-05-29 12:57:00,258.35,258.35,257.5,257.6
9705,2024-05-29 13:00:00,257.7,257.95,257.55,257.85
9706,2024-05-29 13:03:00,257.7,257.95,257.7,257.95
9707,2024-05-29 13:06:00,257.9,258.1,257.9,257.9
9708,2024-05-29 13:09:00,258.0,258.0,257.45,257.55
9709,2024-05-29 13:12:00,257.5,257.9,257.5,257.9
9710,2024-05-29 13:15:00,257.85,258.65,257.6,258.5
9711,2024-05-29 13:18:00,258.65,259.2,258.5,259.05
9712,2024-05-29 13:21:00,258.9,259.5,258.85,259.2
9713,2024-05-29 13:24:00,259.15,259.2,259.0,259.15
9714,2024-05-29 13:27:00,259.2,259.45,259.0,259.2
9715,2024-05-29 13:30:00,259.05,259.25,258.9,259.0
9716,2024-05-29 13:33:00,258.95,259.2,258.95,259.2
9717,2024-05-29 13:36:00,259.15,259.4,259.0,259.15
9718,2024-05-29 13:39:00,259.05,259.15,259.0,259.1
9719,2024-05-29 13:42:00,259.0,259.5,259.0,259.4
9720,2024-05-29 13:45:00,259.5,260.15,259.3,259.85
9721,2024-05-29 13:48:00,259.8,259.8,259.3,259.35
9722,2024-05-29 13:51:00,259.45,259.6,259.1,259.1
9723,2024-05-29 13:54:00,259.3,259.5,258.65,258.85
9724,2024-05-29 13:57:00,258.95,259.05,258.65,258.9
9725,2024-05-29 14:00:00,258.8,258.9,258.15,258.4
9726,2024-05-29 14:03:00,258.45,258.6,258.05,258.05
9727,2024-05-29 14:06:00,258.2,258.3,257.55,257.55
9728,2024-05-29 14:09:00,257.6,258.05,257.5,257.95
9729,2024-05-29 14:12:00,257.9,258.6,257.9,258.4
9730,2024-05-29 14:15:00,258.55,258.95,258.4,258.8
9731,2024-05-29 14:18:00,258.75,258.75,258.1,258.2
9732,2024-05-29 14:21:00,258.15,258.3,257.9,257.95
9733,2024-05-29 14:24:00,258.0,258.5,257.95,258.2
9734,2024-05-29 14:27:00,258.1,258.2,257.85,257.9
9735,2024-05-29 14:30:00,258.0,258.2,257.85,258.15
9736,2024-05-29 14:33:00,258.2,258.4,258.0,258.3
9737,2024-05-29 14:36:00,258.15,259.1,258.15,258.25
9738,2024-05-29 14:39:00,258.4,258.55,258.05,258.15
9739,2024-05-29 14:42:00,258.2,258.25,257.6,257.6
9740,2024-05-29 14:45:00,257.5,258.0,257.25,258.0
9741,2024-05-29 14:48:00,257.7,258.55,257.7,258.55
9742,2024-05-29 14:51:00,258.65,258.75,258.25,258.45
9743,2024-05-29 14:54:00,258.4,258.6,258.2,258.5
9744,2024-05-29 14:57:00,258.55,258.7,258.15,258.55
9745,2024-05-29 15:00:00,258.35,258.65,258.2,258.25
9746,2024-05-29 15:03:00,258.3,258.3,257.6,257.7
9747,2024-05-29 15:06:00,257.75,258.45,257.7,258.45
9748,2024-05-29 15:09:00,258.4,258.5,258.05,258.15
9749,2024-05-29 15:12:00,258.1,258.5,258.1,258.35
9750,2024-05-29 15:15:00,258.3,258.4,258.0,258.15
9751,2024-05-29 15:18:00,258.05,258.3,258.0,258.15
9752,2024-05-29 15:21:00,258.1,258.3,258.05,258.3
9753,2024-05-29 15:24:00,258.25,258.3,257.85,258.05
9754,2024-05-29 15:27:00,258.0,258.0,257.65,258.0
9755,2024-05-30 09:15:00,258.15,258.15,256.15,256.8
9756,2024-05-30 09:18:00,256.85,257.35,255.7,255.8
9757,2024-05-30 09:21:00,255.85,256.0,255.0,255.8
9758,2024-05-30 09:24:00,255.65,256.1,255.25,255.55
9759,2024-05-30 09:27:00,255.45,255.6,254.5,254.75
9760,2024-05-30 09:30:00,254.7,255.35,254.1,255.35
9761,2024-05-30 09:33:00,255.5,255.7,254.6,254.65
9762,2024-05-30 09:36:00,254.8,254.9,253.6,254.1
9763,2024-05-30 09:39:00,254.2,254.3,253.3,253.6
9764,2024-05-30 09:42:00,253.55,254.5,253.4,253.65
9765,2024-05-30 09:45:00,253.6,253.65,252.6,253.35
9766,2024-05-30 09:48:00,253.2,253.3,252.3,252.6
9767,2024-05-30 09:51:00,252.5,252.6,251.7,252.3
9768,2024-05-30 09:54:00,252.35,252.9,251.95,252.9
9769,2024-05-30 09:57:00,252.8,253.3,252.75,253.1
9770,2024-05-30 10:00:00,253.05,253.4,252.9,253.0
9771,2024-05-30 10:03:00,253.05,253.15,252.3,252.4
9772,2024-05-30 10:06:00,252.55,253.15,252.45,253.1
9773,2024-05-30 10:09:00,252.95,253.65,252.95,253.5
9774,2024-05-30 10:12:00,253.45,254.0,253.3,253.35
9775,2024-05-30 10:15:00,253.45,254.15,253.3,253.75
9776,2024-05-30 10:18:00,253.8,254.3,253.75,254.0
9777,2024-05-30 10:21:00,254.2,254.75,253.95,254.4
9778,2024-05-30 10:24:00,254.25,254.5,254.05,254.15
9779,2024-05-30 10:27:00,254.2,254.3,253.9,254.15
9780,2024-05-30 10:30:00,254.05,254.2,253.65,253.75
9781,2024-05-30 10:33:00,253.7,254.5,253.65,254.35
9782,2024-05-30 10:36:00,254.3,254.75,254.2,254.65
9783,2024-05-30 10:39:00,254.6,254.6,254.2,254.25
9784,2024-05-30 10:42:00,254.2,254.25,253.9,254.1
9785,2024-05-30 10:45:00,254.15,254.2,253.85,253.85
9786,2024-05-30 10:48:00,253.95,254.1,253.8,254.0
9787,2024-05-30 10:51:00,253.9,253.95,253.35,253.75
9788,2024-05-30 10:54:00,253.6,253.75,253.4,253.6
9789,2024-05-30 10:57:00,253.55,253.95,253.55,253.75
9790,2024-05-30 11:00:00,253.8,253.85,253.4,253.65
9791,2024-05-30 11:03:00,253.6,253.9,253.4,253.9
9792,2024-05-30 11:06:00,253.95,254.15,253.8,254.0
9793,2024-05-30 11:09:00,253.85,253.95,253.35,253.6
9794,2024-05-30 11:12:00,253.5,254.2,253.5,253.85
9795,2024-05-30 11:15:00,253.7,253.85,252.9,252.9
9796,2024-05-30 11:18:00,253.0,253.1,252.7,252.8
9797,2024-05-30 11:21:00,252.75,252.85,252.5,252.5
9798,2024-05-30 11:24:00,252.65,252.8,252.5,252.75
9799,2024-05-30 11:27:00,252.7,252.95,252.6,252.6
9800,2024-05-30 11:30:00,252.75,252.8,252.55,252.7
9801,2024-05-30 11:33:00,252.8,253.0,252.7,252.9
9802,2024-05-30 11:36:00,252.85,252.95,252.5,252.65
9803,2024-05-30 11:39:00,252.7,252.85,252.15,252.35
9804,2024-05-30 11:42:00,252.3,252.3,252.0,252.2
9805,2024-05-30 11:45:00,252.1,252.5,252.0,252.3
9806,2024-05-30 11:48:00,252.25,252.75,252.2,252.6
9807,2024-05-30 11:51:00,252.65,252.85,252.4,252.5
9808,2024-05-30 11:54:00,252.45,252.65,252.25,252.35
9809,2024-05-30 11:57:00,252.4,252.5,252.05,252.25
9810,2024-05-30 12:00:00,252.2,252.2,251.65,252.0
9811,2024-05-30 12:03:00,251.95,252.25,251.9,252.0
9812,2024-05-30 12:06:00,252.05,252.4,252.0,252.35
9813,2024-05-30 12:09:00,252.25,252.45,252.05,252.2
9814,2024-05-30 12:12:00,252.25,252.3,251.7,251.95
9815,2024-05-30 12:15:00,251.9,252.0,251.55,251.75
9816,2024-05-30 12:18:00,251.8,251.85,251.5,251.85
9817,2024-05-30 12:21:00,251.9,252.8,251.85,252.65
9818,2024-05-30 12:24:00,252.6,252.9,252.5,252.75
9819,2024-05-30 12:27:00,252.6,252.9,252.35,252.5
9820,2024-05-30 12:30:00,252.45,253.2,252.3,253.1
9821,2024-05-30 12:33:00,253.0,253.3,252.9,253.25
9822,2024-05-30 12:36:00,253.1,253.3,252.75,252.95
9823,2024-05-30 12:39:00,252.8,253.0,252.4,252.5
9824,2024-05-30 12:42:00,252.55,252.85,252.4,252.7
9825,2024-05-30 12:45:00,252.75,252.9,252.55,252.9
9826,2024-05-30 12:48:00,252.8,252.95,252.65,252.8
9827,2024-05-30 12:51:00,252.75,253.0,252.75,252.9
9828,2024-05-30 12:54:00,252.95,253.0,252.75,253.0
9829,2024-05-30 12:57:00,253.05,253.6,252.9,253.6
9830,2024-05-30 13:00:00,253.65,253.75,253.4,253.6
9831,2024-05-30 13:03:00,253.5,253.7,253.4,253.5
9832,2024-05-30 13:06:00,253.4,253.65,253.35,253.5
9833,2024-05-30 13:09:00,253.4,253.45,253.05,253.25
9834,2024-05-30 13:12:00,253.3,253.35,253.1,253.35
9835,2024-05-30 13:15:00,253.2,253.4,253.05,253.2
9836,2024-05-30 13:18:00,253.05,253.2,252.75,252.9
9837,2024-05-30 13:21:00,252.85,253.0,252.55,252.7
9838,2024-05-30 13:24:00,252.75,252.95,252.6,252.9
9839,2024-05-30 13:27:00,252.75,252.9,252.55,252.7
9840,2024-05-30 13:30:00,252.6,252.95,252.4,252.95
9841,2024-05-30 13:33:00,252.8,253.15,252.65,252.8
9842,2024-05-30 13:36:00,252.7,252.8,252.05,252.3
9843,2024-05-30 13:39:00,252.25,252.4,252.0,252.2
9844,2024-05-30 13:42:00,252.15,252.4,251.95,252.4
9845,2024-05-30 13:45:00,252.5,252.5,252.05,252.15
9846,2024-05-30 13:48:00,252.25,252.35,252.0,252.1
9847,2024-05-30 13:51:00,252.2,252.3,252.1,252.25
9848,2024-05-30 13:54:00,252.2,252.3,251.65,251.75
9849,2024-05-30 13:57:00,251.7,251.8,251.5,251.55
9850,2024-05-30 14:00:00,251.7,251.7,251.5,251.6
9851,2024-05-30 14:03:00,251.55,251.7,251.2,251.3
9852,2024-05-30 14:06:00,251.2,251.35,251.05,251.25
9853,2024-05-30 14:09:00,251.15,251.3,250.8,251.15
9854,2024-05-30 14:12:00,251.1,251.45,250.85,250.85
9855,2024-05-30 14:15:00,251.0,251.6,250.9,251.5
9856,2024-05-30 14:18:00,251.4,251.65,251.2,251.4
9857,2024-05-30 14:21:00,251.5,251.65,251.15,251.25
9858,2024-05-30 14:24:00,251.3,251.5,251.0,251.05
9859,2024-05-30 14:27:00,251.2,251.2,250.7,250.85
9860,2024-05-30 14:30:00,250.8,250.9,250.05,250.1
9861,2024-05-30 14:33:00,250.05,250.45,250.05,250.25
9862,2024-05-30 14:36:00,250.2,250.3,250.0,250.3
9863,2024-05-30 14:39:00,250.25,250.5,250.1,250.1
9864,2024-05-30 14:42:00,250.25,250.25,249.75,249.9
9865,2024-05-30 14:45:00,249.8,250.25,249.75,250.0
9866,2024-05-30 14:48:00,249.95,250.1,249.8,249.85
9867,2024-05-30 14:51:00,249.95,249.95,249.2,249.5
9868,2024-05-30 14:54:00,249.4,249.5,249.0,249.15
9869,2024-05-30 14:57:00,249.2,249.2,248.6,248.9
9870,2024-05-30 15:00:00,248.8,249.5,248.7,249.15
9871,2024-05-30 15:03:00,248.95,249.5,248.85,249.25
9872,2024-05-30 15:06:00,249.35,249.65,249.1,249.45
9873,2024-05-30 15:09:00,249.3,249.65,249.15,249.5
9874,2024-05-30 15:12:00,249.4,249.55,248.75,248.9
9875,2024-05-30 15:15:00,248.8,249.0,248.25,248.4
9876,2024-05-30 15:18:00,248.5,249.25,248.35,249.2
9877,2024-05-30 15:21:00,249.35,249.85,249.1,249.7
9878,2024-05-30 15:24:00,249.65,250.2,249.5,250.1
9879,2024-05-30 15:27:00,249.9,252.8,249.85,252.8
9880,2024-05-31 09:15:00,252.7,253.5,251.8,252.2
9881,2024-05-31 09:18:00,252.5,253.3,251.55,252.6
9882,2024-05-31 09:21:00,252.7,253.4,252.15,253.4
9883,2024-05-31 09:24:00,253.5,254.6,253.1,254.05
9884,2024-05-31 09:27:00,254.2,254.4,253.6,254.05
9885,2024-05-31 09:30:00,254.15,255.0,253.55,254.4
9886,2024-05-31 09:33:00,254.45,254.55,254.05,254.15
9887,2024-05-31 09:36:00,254.1,254.2,253.65,253.8
9888,2024-05-31 09:39:00,253.9,253.9,252.2,252.2
9889,2024-05-31 09:42:00,252.3,252.95,252.1,252.55
9890,2024-05-31 09:45:00,252.6,252.75,252.05,252.25
9891,2024-05-31 09:48:00,252.3,253.2,252.1,252.75
9892,2024-05-31 09:51:00,252.85,252.85,251.8,252.15
9893,2024-05-31 09:54:00,252.0,252.15,251.1,252.0
9894,2024-05-31 09:57:00,252.05,252.4,251.1,251.1
9895,2024-05-31 10:00:00,251.15,251.6,250.65,251.2
9896,2024-05-31 10:03:00,251.05,251.4,250.8,250.85
9897,2024-05-31 10:06:00,250.95,251.6,250.85,251.6
9898,2024-05-31 10:09:00,251.45,252.0,250.7,251.0
9899,2024-05-31 10:12:00,250.65,251.0,250.5,250.65
9900,2024-05-31 10:15:00,250.6,251.15,250.35,251.15
9901,2024-05-31 10:18:00,251.2,251.85,251.1,251.15
9902,2024-05-31 10:21:00,251.1,251.5,250.7,251.0
9903,2024-05-31 10:24:00,251.15,251.2,250.55,251.0
9904,2024-05-31 10:27:00,251.05,251.35,250.85,250.9
9905,2024-05-31 10:30:00,251.0,251.05,250.6,250.7
9906,2024-05-31 10:33:00,250.6,250.75,250.3,250.3
9907,2024-05-31 10:36:00,250.35,250.9,250.2,250.9
9908,2024-05-31 10:39:00,250.8,251.0,250.55,250.6
9909,2024-05-31 10:42:00,250.85,251.5,250.75,251.25
9910,2024-05-31 10:45:00,251.4,252.3,251.2,252.3
9911,2024-05-31 10:48:00,252.15,252.35,251.9,252.0
9912,2024-05-31 10:51:00,251.95,252.3,251.8,251.95
9913,2024-05-31 10:54:00,251.8,252.3,251.75,252.2
9914,2024-05-31 10:57:00,252.1,252.2,251.7,251.75
9915,2024-05-31 11:00:00,251.85,252.45,251.75,252.0
9916,2024-05-31 11:03:00,252.05,252.9,251.8,252.75
9917,2024-05-31 11:06:00,252.7,253.15,252.55,253.05
9918,2024-05-31 11:09:00,253.0,253.4,252.7,253.25
9919,2024-05-31 11:12:00,253.35,253.95,253.25,253.65
9920,2024-05-31 11:15:00,253.7,253.95,253.45,253.45
9921,2024-05-31 11:18:00,253.5,253.65,252.95,252.95
9922,2024-05-31 11:21:00,253.05,253.45,252.95,253.45
9923,2024-05-31 11:24:00,253.4,253.55,253.15,253.4
9924,2024-05-31 11:27:00,253.45,253.65,253.2,253.25
9925,2024-05-31 11:30:00,253.1,253.95,253.1,253.6
9926,2024-05-31 11:33:00,253.7,253.85,253.45,253.7
9927,2024-05-31 11:36:00,253.8,254.1,253.75,253.75
9928,2024-05-31 11:39:00,254.0,254.0,253.55,253.75
9929,2024-05-31 11:42:00,253.8,254.3,253.8,254.1
9930,2024-05-31 11:45:00,254.15,254.85,254.05,254.85
9931,2024-05-31 11:48:00,254.75,254.95,254.4,254.5
9932,2024-05-31 11:51:00,254.45,254.65,254.25,254.25
9933,2024-05-31 11:54:00,254.15,254.6,254.1,254.2
9934,2024-05-31 11:57:00,254.25,254.55,254.2,254.5
9935,2024-05-31 12:00:00,254.55,254.7,254.35,254.35
9936,2024-05-31 12:03:00,254.5,254.65,254.35,254.45
9937,2024-05-31 12:06:00,254.4,254.75,254.25,254.35
9938,2024-05-31 12:09:00,254.25,254.5,254.15,254.4
9939,2024-05-31 12:12:00,254.35,254.6,254.2,254.2
9940,2024-05-31 12:15:00,254.3,254.55,254.0,254.35
9941,2024-05-31 12:18:00,254.25,254.5,253.95,254.35
9942,2024-05-31 12:21:00,254.3,254.7,254.3,254.55
9943,2024-05-31 12:24:00,254.5,254.6,254.35,254.45
9944,2024-05-31 12:27:00,254.5,254.8,254.25,254.8
9945,2024-05-31 12:30:00,254.85,255.0,254.6,254.75
9946,2024-05-31 12:33:00,254.8,255.25,254.65,254.75
9947,2024-05-31 12:36:00,254.85,254.9,254.6,254.8
9948,2024-05-31 12:39:00,254.7,255.45,254.65,255.2
9949,2024-05-31 12:42:00,255.3,255.9,255.1,255.7
9950,2024-05-31 12:45:00,255.8,256.0,255.6,255.7
9951,2024-05-31 12:48:00,255.65,256.0,255.45,256.0
9952,2024-05-31 12:51:00,255.95,256.3,255.75,256.05
9953,2024-05-31 12:54:00,256.1,256.3,255.9,256.05
9954,2024-05-31 12:57:00,256.0,256.5,255.95,256.35
9955,2024-05-31 13:00:00,256.25,257.0,256.05,256.9
9956,2024-05-31 13:03:00,256.95,257.1,256.65,256.9
9957,2024-05-31 13:06:00,257.0,257.2,256.75,257.0
9958,2024-05-31 13:09:00,256.95,257.35,256.95,257.15
9959,2024-05-31 13:12:00,257.2,257.5,257.0,257.45
9960,2024-05-31 13:15:00,257.5,257.5,257.05,257.3
9961,2024-05-31 13:18:00,257.35,258.0,257.3,257.85
9962,2024-05-31 13:21:00,257.95,258.1,257.8,257.95
9963,2024-05-31 13:24:00,257.9,258.4,257.8,258.1
9964,2024-05-31 13:27:00,258.15,258.35,257.85,258.35
9965,2024-05-31 13:30:00,258.5,258.5,257.85,257.9
9966,2024-05-31 13:33:00,258.0,258.15,257.35,257.45
9967,2024-05-31 13:36:00,257.5,258.35,257.4,258.35
9968,2024-05-31 13:39:00,258.3,259.35,258.2,259.2
9969,2024-05-31 13:42:00,259.3,259.75,259.2,259.65
9970,2024-05-31 13:45:00,259.55,260.0,259.5,260.0
9971,2024-05-31 13:48:00,259.95,260.45,259.9,260.15
9972,2024-05-31 13:51:00,260.2,260.55,260.15,260.45
9973,2024-05-31 13:54:00,260.5,260.7,260.25,260.65
9974,2024-05-31 13:57:00,260.6,260.7,260.1,260.2
9975,2024-05-31 14:00:00,260.25,260.9,260.1,260.6
9976,2024-05-31 14:03:00,260.5,260.75,260.25,260.4
9977,2024-05-31 14:06:00,260.3,260.9,260.1,260.8
9978,2024-05-31 14:09:00,260.7,261.1,260.5,261.1
9979,2024-05-31 14:12:00,261.05,261.8,261.05,261.65
9980,2024-05-31 14:15:00,261.6,261.85,260.75,260.85
9981,2024-05-31 14:18:00,260.8,260.85,259.6,260.75
9982,2024-05-31 14:21:00,260.55,260.6,259.75,259.75
9983,2024-05-31 14:24:00,259.85,259.85,259.1,259.75
9984,2024-05-31 14:27:00,259.8,260.15,259.3,259.4
9985,2024-05-31 14:30:00,259.5,260.0,258.75,258.8
9986,2024-05-31 14:33:00,258.9,259.5,258.8,259.4
9987,2024-05-31 14:36:00,259.45,259.95,259.3,259.5
9988,2024-05-31 14:39:00,259.45,260.0,259.4,260.0
9989,2024-05-31 14:42:00,259.85,260.15,259.45,260.1
9990,2024-05-31 14:45:00,260.05,260.15,259.2,259.2
9991,2024-05-31 14:48:00,259.05,259.7,259.05,259.2
9992,2024-05-31 14:51:00,259.3,259.35,258.9,258.9
9993,2024-05-31 14:54:00,259.1,259.65,259.0,259.55
9994,2024-05-31 14:57:00,259.65,260.0,259.2,259.25
9995,2024-05-31 15:00:00,259.35,260.0,259.3,259.45
9996,2024-05-31 15:03:00,259.35,260.2,259.3,259.8
9997,2024-05-31 15:06:00,259.7,259.9,259.2,259.9
9998,2024-05-31 15:09:00,259.75,260.1,259.75,259.95
9999,2024-05-31 15:12:00,260.1,260.65,259.95,260.6
10000,2024-05-31 15:15:00,260.5,261.0,260.5,260.7
10001,2024-05-31 15:18:00,260.65,260.85,260.0,260.25
10002,2024-05-31 15:21:00,260.45,260.5,259.75,259.95
10003,2024-05-31 15:24:00,259.9,260.75,259.75,260.0
10004,2024-05-31 15:27:00,259.9,273.0,259.4,273.0
10005,2024-06-03 09:15:00,272.9,272.9,264.6,265.8
10006,2024-06-03 09:18:00,265.75,266.15,263.6,263.7
10007,2024-06-03 09:21:00,263.9,265.9,263.7,264.15
10008,2024-06-03 09:24:00,264.5,265.25,263.0,263.25
10009,2024-06-03 09:27:00,263.15,265.35,262.85,264.0
10010,2024-06-03 09:30:00,263.95,265.4,263.9,264.9
10011,2024-06-03 09:33:00,264.95,266.35,264.55,266.25
10012,2024-06-03 09:36:00,266.4,266.85,265.8,265.95
10013,2024-06-03 09:39:00,266.0,267.3,266.0,266.15
10014,2024-06-03 09:42:00,266.05,267.25,266.05,266.85
10015,2024-06-03 09:45:00,266.8,267.35,266.3,267.15
10016,2024-06-03 09:48:00,267.1,267.25,266.8,267.1
10017,2024-06-03 09:51:00,267.0,267.7,266.6,266.95
10018,2024-06-03 09:54:00,266.85,267.0,266.05,266.45
10019,2024-06-03 09:57:00,266.5,266.9,266.2,266.7
10020,2024-06-03 10:00:00,266.8,267.65,266.6,267.65
10021,2024-06-03 10:03:00,267.7,268.45,267.25,268.4
10022,2024-06-03 10:06:00,268.35,268.4,268.0,268.1
10023,2024-06-03 10:09:00,268.0,268.4,267.7,267.7
10024,2024-06-03 10:12:00,267.9,268.45,267.7,268.0
10025,2024-06-03 10:15:00,267.95,268.25,267.45,267.9
10026,2024-06-03 10:18:00,267.8,268.2,267.45,267.5
10027,2024-06-03 10:21:00,267.45,267.9,267.1,267.1
10028,2024-06-03 10:24:00,267.2,267.95,267.0,267.5
10029,2024-06-03 10:27:00,267.55,267.95,267.45,267.85
10030,2024-06-03 10:30:00,267.75,267.9,267.35,267.6
10031,2024-06-03 10:33:00,267.55,267.65,267.0,267.6
10032,2024-06-03 10:36:00,267.5,267.8,266.5,266.65
10033,2024-06-03 10:39:00,266.55,267.2,266.5,266.75
10034,2024-06-03 10:42:00,266.8,267.0,266.25,266.7
10035,2024-06-03 10:45:00,266.8,266.9,266.0,266.25
10036,2024-06-03 10:48:00,266.2,266.6,266.0,266.5
10037,2024-06-03 10:51:00,266.45,267.15,266.05,267.0
10038,2024-06-03 10:54:00,267.2,267.7,267.0,267.35
10039,2024-06-03 10:57:00,267.2,267.55,266.7,266.85
10040,2024-06-03 11:00:00,266.8,267.2,266.7,267.2
10041,2024-06-03 11:03:00,267.15,267.35,266.85,267.15
10042,2024-06-03 11:06:00,267.0,267.25,266.8,267.05
10043,2024-06-03 11:09:00,266.85,267.05,266.65,266.9
10044,2024-06-03 11:12:00,266.8,267.25,266.7,267.25
10045,2024-06-03 11:15:00,267.2,267.6,267.1,267.45
10046,2024-06-03 11:18:00,267.4,267.6,266.75,266.8
10047,2024-06-03 11:21:00,266.95,267.15,266.7,267.05
10048,2024-06-03 11:24:00,267.1,267.25,266.8,266.95
10049,2024-06-03 11:27:00,266.85,267.25,266.75,266.95
10050,2024-06-03 11:30:00,267.0,267.25,266.7,266.95
10051,2024-06-03 11:33:00,266.9,267.05,266.55,266.6
10052,2024-06-03 11:36:00,266.5,266.75,266.35,266.55
10053,2024-06-03 11:39:00,266.6,266.9,266.5,266.65
10054,2024-06-03 11:42:00,266.6,266.9,266.6,266.85
10055,2024-06-03 11:45:00,266.9,267.0,266.6,266.85
10056,2024-06-03 11:48:00,267.0,267.1,266.6,266.8
10057,2024-06-03 11:51:00,266.7,266.9,266.6,266.9
10058,2024-06-03 11:54:00,266.95,267.1,266.7,267.0
10059,2024-06-03 11:57:00,267.05,267.3,266.95,267.15
10060,2024-06-03 12:00:00,267.1,267.4,267.05,267.1
10061,2024-06-03 12:03:00,267.2,267.3,267.1,267.15
10062,2024-06-03 12:06:00,267.25,267.25,266.8,267.2
10063,2024-06-03 12:09:00,267.15,267.6,267.1,267.6
10064,2024-06-03 12:12:00,267.55,267.9,267.45,267.85
10065,2024-06-03 12:15:00,267.8,267.85,267.4,267.6
10066,2024-06-03 12:18:00,267.5,268.2,267.45,268.2
10067,2024-06-03 12:21:00,268.3,268.3,267.65,267.85
10068,2024-06-03 12:24:00,267.8,268.0,267.45,267.65
10069,2024-06-03 12:27:00,267.7,267.95,267.7,267.9
10070,2024-06-03 12:30:00,267.95,267.95,267.6,267.95
10071,2024-06-03 12:33:00,267.9,268.45,267.75,268.3
10072,2024-06-03 12:36:00,268.25,268.35,268.05,268.25
10073,2024-06-03 12:39:00,268.1,268.3,267.8,268.1
10074,2024-06-03 12:42:00,268.05,268.85,268.05,268.85
10075,2024-06-03 12:45:00,268.8,269.1,268.65,269.1
10076,2024-06-03 12:48:00,268.85,269.05,268.45,268.45
10077,2024-06-03 12:51:00,268.6,268.65,268.1,268.45
10078,2024-06-03 12:54:00,268.5,268.55,268.3,268.45
10079,2024-06-03 12:57:00,268.35,269.0,268.3,269.0
10080,2024-06-03 13:00:00,268.95,269.0,268.55,268.55
10081,2024-06-03 13:03:00,268.6,269.0,268.55,269.0
10082,2024-06-03 13:06:00,268.95,269.0,268.6,268.6
10083,2024-06-03 13:09:00,268.7,268.9,268.5,268.65
10084,2024-06-03 13:12:00,268.6,268.8,268.45,268.65
10085,2024-06-03 13:15:00,268.6,268.75,268.5,268.7
10086,2024-06-03 13:18:00,268.65,268.7,268.0,268.1
10087,2024-06-03 13:21:00,268.0,268.3,267.75,267.95
10088,2024-06-03 13:24:00,267.9,268.2,267.8,268.1
10089,2024-06-03 13:27:00,268.05,268.15,267.8,268.0
10090,2024-06-03 13:30:00,267.95,268.2,267.95,268.1
10091,2024-06-03 13:33:00,268.05,268.15,268.0,268.1
10092,2024-06-03 13:36:00,268.05,268.2,267.8,267.95
10093,2024-06-03 13:39:00,267.9,268.0,267.05,267.35
10094,2024-06-03 13:42:00,267.3,268.0,267.15,267.9
10095,2024-06-03 13:45:00,267.85,268.2,267.8,268.1
10096,2024-06-03 13:48:00,268.15,268.3,268.0,268.1
10097,2024-06-03 13:51:00,268.0,268.2,267.9,268.05
10098,2024-06-03 13:54:00,268.15,268.3,268.05,268.1
10099,2024-06-03 13:57:00,268.05,268.1,267.6,267.7
10100,2024-06-03 14:00:00,267.8,267.9,267.6,267.75
10101,2024-06-03 14:03:00,267.8,268.15,267.75,268.0
10102,2024-06-03 14:06:00,268.05,268.15,267.9,268.0
10103,2024-06-03 14:09:00,267.95,268.7,267.9,268.2
10104,2024-06-03 14:12:00,268.25,268.3,268.0,268.15
10105,2024-06-03 14:15:00,268.2,268.4,268.05,268.3
10106,2024-06-03 14:18:00,268.35,268.4,268.15,268.35
10107,2024-06-03 14:21:00,268.3,268.4,268.0,268.35
10108,2024-06-03 14:24:00,268.4,268.6,268.1,268.25
10109,2024-06-03 14:27:00,268.3,268.4,268.0,268.05
10110,2024-06-03 14:30:00,268.0,268.15,267.9,268.0
10111,2024-06-03 14:33:00,267.95,268.0,267.8,267.9
10112,2024-06-03 14:36:00,268.0,268.1,267.8,267.8
10113,2024-06-03 14:39:00,267.95,268.1,267.8,268.0
10114,2024-06-03 14:42:00,267.95,268.45,267.8,268.35
10115,2024-06-03 14:45:00,268.3,268.3,267.8,267.85
10116,2024-06-03 14:48:00,267.8,267.95,267.6,267.65
10117,2024-06-03 14:51:00,267.7,267.85,267.65,267.7
10118,2024-06-03 14:54:00,267.85,267.85,267.5,267.6
10119,2024-06-03 14:57:00,267.55,268.0,267.45,267.8
10120,2024-06-03 15:00:00,267.75,267.9,267.25,267.6
10121,2024-06-03 15:03:00,267.5,267.75,267.3,267.45
10122,2024-06-03 15:06:00,267.5,267.65,267.2,267.5
10123,2024-06-03 15:09:00,267.45,267.6,267.35,267.55
10124,2024-06-03 15:12:00,267.45,267.6,267.4,267.5
10125,2024-06-03 15:15:00,267.55,267.8,267.4,267.75
10126,2024-06-03 15:18:00,267.7,268.0,267.45,267.65
10127,2024-06-03 15:21:00,267.7,268.0,267.6,268.0
10128,2024-06-03 15:24:00,267.95,268.1,267.85,268.05
10129,2024-06-03 15:27:00,267.95,269.1,267.9,267.9
10130,2024-06-04 09:15:00,267.0,267.0,257.3,263.05
10131,2024-06-04 09:18:00,263.0,264.0,261.25,261.95
10132,2024-06-04 09:21:00,261.6,262.2,258.1,258.45
10133,2024-06-04 09:24:00,258.35,261.65,258.15,258.6
10134,2024-06-04 09:27:00,258.45,259.05,255.1,255.2
10135,2024-06-04 09:30:00,255.0,255.0,250.9,252.55
10136,2024-06-04 09:33:00,252.7,259.35,252.55,258.75
10137,2024-06-04 09:36:00,259.05,259.95,257.55,258.65
10138,2024-06-04 09:39:00,258.7,260.3,258.0,259.2
10139,2024-06-04 09:42:00,259.05,259.45,257.25,258.35
10140,2024-06-04 09:45:00,258.3,259.15,257.4,258.9
10141,2024-06-04 09:48:00,258.85,260.1,258.85,259.95
10142,2024-06-04 09:51:00,259.85,261.4,259.65,260.95
10143,2024-06-04 09:54:00,260.75,261.3,259.8,260.35
10144,2024-06-04 09:57:00,260.3,261.4,259.55,260.8
10145,2024-06-04 10:00:00,260.9,261.3,259.35,260.0
10146,2024-06-04 10:03:00,260.15,260.5,259.35,260.0
10147,2024-06-04 10:06:00,259.85,260.95,259.65,260.75
10148,2024-06-04 10:09:00,260.8,261.0,260.3,260.7
10149,2024-06-04 10:12:00,260.75,260.75,259.9,260.55
10150,2024-06-04 10:15:00,260.45,260.55,259.95,260.0
10151,2024-06-04 10:18:00,260.15,260.25,258.8,258.95
10152,2024-06-04 10:21:00,258.9,260.0,258.45,260.0
10153,2024-06-04 10:24:00,259.95,260.4,259.5,259.6
10154,2024-06-04 10:27:00,259.65,260.0,258.7,258.95
10155,2024-06-04 10:30:00,258.9,258.95,257.5,257.9
10156,2024-06-04 10:33:00,257.75,257.75,256.3,257.3
10157,2024-06-04 10:36:00,257.4,257.5,255.9,255.9
10158,2024-06-04 10:39:00,256.0,256.75,255.7,256.2
10159,2024-06-04 10:42:00,256.15,256.3,254.9,255.4
10160,2024-06-04 10:45:00,255.35,255.5,254.0,254.7
10161,2024-06-04 10:48:00,254.75,254.9,253.1,253.45
10162,2024-06-04 10:51:00,253.4,253.4,251.85,252.35
10163,2024-06-04 10:54:00,252.5,252.7,250.1,250.2
10164,2024-06-04 10:57:00,250.1,251.6,249.3,249.4
10165,2024-06-04 11:00:00,249.3,250.0,247.25,248.5
10166,2024-06-04 11:03:00,248.45,249.35,245.05,245.1
10167,2024-06-04 11:06:00,245.0,246.0,241.2,242.15
10168,2024-06-04 11:09:00,242.5,247.0,242.35,242.4
10169,2024-06-04 11:12:00,242.6,245.2,241.9,242.6
10170,2024-06-04 11:15:00,242.55,244.3,241.7,242.7
10171,2024-06-04 11:18:00,242.65,243.85,242.0,242.2
10172,2024-06-04 11:21:00,242.4,242.4,240.4,241.75
10173,2024-06-04 11:24:00,242.05,245.3,241.7,244.4
10174,2024-06-04 11:27:00,244.6,244.9,242.05,243.55
10175,2024-06-04 11:30:00,243.45,243.7,241.1,243.55
10176,2024-06-04 11:33:00,243.65,246.85,243.5,245.9
10177,2024-06-04 11:36:00,245.8,246.75,244.5,245.45
10178,2024-06-04 11:39:00,245.5,245.5,241.9,244.6
10179,2024-06-04 11:42:00,244.3,244.65,241.85,242.0
10180,2024-06-04 11:45:00,241.95,243.2,237.2,239.4
10181,2024-06-04 11:48:00,239.45,241.95,238.85,241.3
10182,2024-06-04 11:51:00,241.25,241.25,238.6,239.25
10183,2024-06-04 11:54:00,239.3,239.65,235.5,237.3
10184,2024-06-04 11:57:00,237.2,237.3,233.0,233.0
10185,2024-06-04 12:00:00,233.1,234.8,229.45,229.7
10186,2024-06-04 12:03:00,229.1,229.45,227.75,227.75
10187,2024-06-04 12:06:00,227.75,227.75,227.75,227.75
10188,2024-06-04 12:09:00,227.75,227.75,227.75,227.75
10189,2024-06-04 12:12:00,227.75,227.75,227.75,227.75
10190,2024-06-04 12:15:00,227.75,227.75,227.75,227.75
10191,2024-06-04 12:18:00,224.9,224.9,215.95,218.85
10192,2024-06-04 12:21:00,218.55,219.85,214.35,214.95
10193,2024-06-04 12:24:00,214.55,214.85,214.35,214.35
10194,2024-06-04 12:27:00,214.35,214.35,214.35,214.35
10195,2024-06-04 12:30:00,214.35,214.35,214.35,214.35
10196,2024-06-04 12:33:00,214.35,214.35,214.35,214.35
10197,2024-06-04 12:36:00,214.35,214.35,212.0,212.55
10198,2024-06-04 12:39:00,212.35,223.55,211.85,221.3
10199,2024-06-04 12:42:00,221.35,226.75,221.35,225.3
10200,2024-06-04 12:45:00,225.15,227.9,224.75,227.9
10201,2024-06-04 12:48:00,227.7,230.2,227.4,230.2
10202,2024-06-04 12:51:00,230.15,233.05,227.6,233.05
10203,2024-06-04 12:54:00,233.2,234.8,231.05,231.45
10204,2024-06-04 12:57:00,231.2,232.55,229.3,232.35
10205,2024-06-04 13:00:00,232.6,233.65,229.65,233.4
10206,2024-06-04 13:03:00,233.55,233.55,230.9,231.9
10207,2024-06-04 13:06:00,231.65,233.7,230.5,231.9
10208,2024-06-04 13:09:00,231.85,233.5,230.75,230.9
10209,2024-06-04 13:12:00,231.1,234.7,230.8,234.15
10210,2024-06-04 13:15:00,234.2,236.5,232.75,236.35
10211,2024-06-04 13:18:00,236.15,238.15,235.0,238.0
10212,2024-06-04 13:21:00,237.9,239.3,237.05,238.95
10213,2024-06-04 13:24:00,239.0,240.3,237.15,238.05
10214,2024-06-04 13:27:00,238.55,239.0,236.7,238.75
10215,2024-06-04 13:30:00,238.9,240.75,237.05,239.6
10216,2024-06-04 13:33:00,239.65,242.3,239.25,241.7
10217,2024-06-04 13:36:00,241.75,242.3,240.5,241.1
10218,2024-06-04 13:39:00,241.55,241.75,240.0,240.3
10219,2024-06-04 13:42:00,240.45,243.7,240.0,243.7
10220,2024-06-04 13:45:00,243.75,243.75,242.0,242.0
10221,2024-06-04 13:48:00,242.1,243.75,242.0,243.6
10222,2024-06-04 13:51:00,243.9,245.05,243.3,244.85
10223,2024-06-04 13:54:00,244.7,245.1,243.8,244.1
10224,2024-06-04 13:57:00,243.9,245.5,242.6,245.35
10225,2024-06-04 14:00:00,245.2,245.4,242.55,243.15
10226,2024-06-04 14:03:00,242.8,243.5,242.0,242.3
10227,2024-06-04 14:06:00,242.25,243.6,242.0,242.9
10228,2024-06-04 14:09:00,242.5,244.2,242.1,242.55
10229,2024-06-04 14:12:00,242.7,242.95,242.05,242.35
10230,2024-06-04 14:15:00,242.25,243.15,241.0,242.1
10231,2024-06-04 14:21:00,242.25,242.35,240.15,240.3
10232,2024-06-04 14:24:00,240.2,242.0,239.75,240.7
10233,2024-06-04 14:27:00,240.6,240.8,238.95,239.15
10234,2024-06-04 14:30:00,239.55,243.15,239.25,242.7
10235,2024-06-04 14:33:00,242.65,243.05,241.65,241.7
10236,2024-06-04 14:36:00,241.8,241.8,240.35,241.8
10237,2024-06-04 14:39:00,241.6,243.8,240.8,243.2
10238,2024-06-04 14:42:00,243.1,243.4,240.2,242.15
10239,2024-06-04 14:45:00,242.3,243.0,239.25,239.3
10240,2024-06-04 14:48:00,239.1,239.6,236.9,237.2
10241,2024-06-04 14:51:00,237.25,238.9,235.95,237.25
10242,2024-06-04 14:54:00,237.0,238.8,236.8,238.8
10243,2024-06-04 14:57:00,239.15,239.15,235.4,236.95
10244,2024-06-04 15:00:00,237.0,238.05,236.65,237.45
10245,2024-06-04 15:03:00,237.5,237.8,236.35,236.35
10246,2024-06-04 15:06:00,236.3,238.15,235.65,237.85
10247,2024-06-04 15:09:00,237.7,238.05,236.5,238.05
10248,2024-06-04 15:12:00,238.0,239.7,237.65,239.25
10249,2024-06-04 15:15:00,239.4,239.55,237.85,238.35
10250,2024-06-04 15:18:00,238.4,238.5,236.75,236.75
10251,2024-06-04 15:21:00,236.95,237.25,235.75,237.25
10252,2024-06-04 15:24:00,237.3,237.9,236.85,237.7
10253,2024-06-04 15:27:00,237.0,240.0,236.55,240.0
10254,2024-06-05 09:15:00,237.85,241.35,236.85,237.5
10255,2024-06-05 09:18:00,237.7,237.7,231.9,232.5
10256,2024-06-05 09:21:00,232.35,234.2,226.2,226.2
10257,2024-06-05 09:24:00,226.8,231.65,225.05,228.8
10258,2024-06-05 09:27:00,228.7,233.15,226.6,232.7
10259,2024-06-05 09:30:00,232.5,233.75,228.85,230.3
10260,2024-06-05 09:33:00,230.15,230.85,229.2,229.6
10261,2024-06-05 09:36:00,229.4,229.9,227.9,228.65
10262,2024-06-05 09:39:00,228.85,231.6,227.5,231.6
10263,2024-06-05 09:42:00,231.3,231.3,228.25,228.6
10264,2024-06-05 09:45:00,228.85,230.4,228.4,228.55
10265,2024-06-05 09:48:00,228.4,229.55,228.0,228.0
10266,2024-06-05 09:51:00,228.15,228.15,226.0,227.35
10267,2024-06-05 09:54:00,227.0,228.8,226.6,228.0
10268,2024-06-05 09:57:00,227.8,227.8,225.75,226.1
10269,2024-06-05 10:00:00,226.3,227.5,226.0,227.5
10270,2024-06-05 10:03:00,227.45,227.45,225.15,225.25
10271,2024-06-05 10:06:00,225.3,226.8,223.85,226.8
10272,2024-06-05 10:09:00,226.7,228.5,226.7,227.7
10273,2024-06-05 10:12:00,227.55,228.5,227.05,227.55
10274,2024-06-05 10:15:00,227.6,228.25,226.7,227.35
10275,2024-06-05 10:18:00,227.25,227.4,225.35,226.0
10276,2024-06-05 10:21:00,225.95,226.8,225.4,226.3
10277,2024-06-05 10:24:00,226.4,227.15,225.55,226.35
10278,2024-06-05 10:27:00,226.45,226.45,224.3,225.35
10279,2024-06-05 10:30:00,225.2,226.45,225.2,226.15
10280,2024-06-05 10:33:00,226.3,228.7,226.3,228.0
10281,2024-06-05 10:36:00,227.95,229.3,227.05,229.1
10282,2024-06-05 10:39:00,229.15,230.6,228.8,230.6
10283,2024-06-05 10:42:00,230.7,230.8,230.25,230.55
10284,2024-06-05 10:45:00,230.65,232.4,230.5,232.15
10285,2024-06-05 10:48:00,232.25,232.9,232.05,232.65
10286,2024-06-05 10:51:00,232.7,233.3,232.15,233.1
10287,2024-06-05 10:54:00,232.95,234.1,232.8,233.95
10288,2024-06-05 10:57:00,234.15,235.5,234.0,235.1
10289,2024-06-05 11:00:00,235.05,235.6,234.4,234.9
10290,2024-06-05 11:03:00,235.0,235.75,234.0,234.2
10291,2024-06-05 11:06:00,234.15,234.55,233.75,234.5
10292,2024-06-05 11:09:00,234.7,236.2,234.7,235.85
10293,2024-06-05 11:12:00,235.65,237.15,235.55,237.1
10294,2024-06-05 11:15:00,237.3,238.0,235.65,237.45
10295,2024-06-05 11:18:00,237.55,238.2,237.0,237.7
10296,2024-06-05 11:21:00,237.75,238.2,236.55,238.15
10297,2024-06-05 11:24:00,238.2,239.8,237.8,239.75
10298,2024-06-05 11:27:00,239.8,242.0,239.6,241.8
10299,2024-06-05 11:30:00,241.75,242.2,240.7,241.2
10300,2024-06-05 11:33:00,241.3,243.9,240.7,243.35
10301,2024-06-05 11:36:00,243.05,243.15,240.5,240.6
10302,2024-06-05 11:39:00,240.75,241.35,239.6,241.05
10303,2024-06-05 11:42:00,240.7,241.0,239.0,239.3
10304,2024-06-05 11:45:00,239.35,239.65,238.3,239.1
10305,2024-06-05 11:48:00,239.0,239.1,237.2,237.65
10306,2024-06-05 11:51:00,237.55,238.65,237.3,238.3
10307,2024-06-05 11:54:00,238.2,238.95,237.2,238.65
10308,2024-06-05 11:57:00,238.75,239.4,237.75,238.0
10309,2024-06-05 12:00:00,238.05,239.55,237.7,239.45
10310,2024-06-05 12:03:00,239.4,240.1,239.15,239.75
10311,2024-06-05 12:06:00,239.7,240.3,239.35,240.1
10312,2024-06-05 12:09:00,240.25,240.3,239.6,240.0
10313,2024-06-05 12:12:00,239.9,240.3,239.55,240.25
10314,2024-06-05 12:15:00,240.2,241.35,240.15,241.15
10315,2024-06-05 12:18:00,241.1,241.35,240.25,240.6
10316,2024-06-05 12:21:00,240.75,241.45,240.45,241.25
10317,2024-06-05 12:24:00,241.3,241.75,240.65,241.0
10318,2024-06-05 12:27:00,241.1,241.3,240.1,241.0
10319,2024-06-05 12:30:00,240.85,241.2,240.65,241.2
10320,2024-06-05 12:33:00,241.25,241.7,240.85,241.0
10321,2024-06-05 12:36:00,241.05,241.5,240.55,240.65
10322,2024-06-05 12:39:00,240.45,240.85,239.75,239.85
10323,2024-06-05 12:42:00,239.8,240.0,239.1,239.5
10324,2024-06-05 12:45:00,239.55,239.7,239.1,239.4
10325,2024-06-05 12:48:00,239.35,239.5,238.65,239.3
10326,2024-06-05 12:51:00,239.35,240.15,239.2,240.1
10327,2024-06-05 12:54:00,240.15,241.6,239.95,241.4
10328,2024-06-05 12:57:00,241.65,241.7,241.25,241.45
10329,2024-06-05 13:00:00,241.3,241.6,240.75,240.8
10330,2024-06-05 13:03:00,240.7,241.65,240.5,241.0
10331,2024-06-05 13:06:00,241.25,241.95,241.05,241.9
10332,2024-06-05 13:09:00,242.0,243.5,241.9,243.2
10333,2024-06-05 13:12:00,242.8,243.7,242.75,243.3
10334,2024-06-05 13:15:00,243.2,243.6,243.0,243.45
10335,2024-06-05 13:18:00,243.5,244.8,243.25,244.65
10336,2024-06-05 13:21:00,244.7,245.95,244.65,245.1
10337,2024-06-05 13:24:00,245.15,245.25,243.7,244.1
10338,2024-06-05 13:27:00,244.15,244.5,243.6,244.5
10339,2024-06-05 13:30:00,244.55,244.55,243.85,244.05
10340,2024-06-05 13:33:00,244.1,244.2,242.2,243.05
10341,2024-06-05 13:36:00,242.95,243.75,242.95,243.6
10342,2024-06-05 13:39:00,243.65,244.5,243.55,243.85
10343,2024-06-05 13:42:00,243.75,244.8,243.75,244.45
10344,2024-06-05 13:45:00,244.65,245.0,244.0,244.2
10345,2024-06-05 13:48:00,244.1,245.5,244.1,245.05
10346,2024-06-05 13:51:00,245.0,245.2,244.55,244.7
10347,2024-06-05 13:54:00,244.65,244.9,243.65,244.75
10348,2024-06-05 13:57:00,244.7,245.65,244.55,245.3
10349,2024-06-05 14:00:00,245.4,245.55,244.55,244.8
10350,2024-06-05 14:03:00,244.7,245.85,244.7,245.6
10351,2024-06-05 14:06:00,245.8,246.65,245.4,246.65
10352,2024-06-05 14:09:00,246.55,246.7,245.55,245.65
10353,2024-06-05 14:12:00,245.8,245.85,244.2,244.45
10354,2024-06-05 14:15:00,244.35,244.5,243.0,243.3
10355,2024-06-05 14:18:00,243.5,244.2,243.25,243.75
10356,2024-06-05 14:21:00,243.85,244.7,243.45,244.6
10357,2024-06-05 14:24:00,244.45,244.7,244.3,244.45
10358,2024-06-05 14:27:00,244.4,244.7,244.05,244.55
10359,2024-06-05 14:30:00,244.5,244.85,244.0,244.45
10360,2024-06-05 14:33:00,244.5,244.95,244.35,244.4
10361,2024-06-05 14:36:00,244.5,244.9,244.1,244.75
10362,2024-06-05 14:39:00,244.9,245.2,244.75,244.85
10363,2024-06-05 14:42:00,244.8,245.35,244.3,245.1
10364,2024-06-05 14:45:00,245.25,246.45,244.45,246.45
10365,2024-06-05 14:48:00,246.5,247.0,246.1,246.5
10366,2024-06-05 14:51:00,246.55,246.6,245.05,245.15
10367,2024-06-05 14:54:00,245.05,245.9,245.05,245.25
10368,2024-06-05 14:57:00,245.3,245.85,245.25,245.7
10369,2024-06-05 15:00:00,245.6,246.35,245.6,245.8
10370,2024-06-05 15:03:00,245.85,245.9,245.15,245.2
10371,2024-06-05 15:06:00,245.25,245.8,245.2,245.65
10372,2024-06-05 15:09:00,245.7,245.95,245.45,245.8
10373,2024-06-05 15:12:00,245.85,245.85,245.05,245.5
10374,2024-06-05 15:15:00,245.45,245.45,245.0,245.25
10375,2024-06-05 15:18:00,245.4,246.0,245.0,245.0
10376,2024-06-05 15:21:00,244.9,245.0,244.25,244.25
10377,2024-06-05 15:24:00,244.2,244.5,243.55,244.5
10378,2024-06-05 15:27:00,244.4,249.7,244.0,249.7
10379,2024-06-06 09:15:00,248.55,250.0,247.05,248.4
10380,2024-06-06 09:18:00,248.1,249.5,247.75,248.45
10381,2024-06-06 09:21:00,248.25,252.0,248.25,251.35
10382,2024-06-06 09:24:00,251.5,253.0,251.2,252.9
10383,2024-06-06 09:27:00,252.75,254.0,252.2,253.85
10384,2024-06-06 09:30:00,254.0,254.6,253.7,254.15
10385,2024-06-06 09:33:00,254.2,254.75,254.0,254.25
10386,2024-06-06 09:36:00,254.35,255.65,254.35,255.3
10387,2024-06-06 09:39:00,255.35,255.9,254.25,254.9
10388,2024-06-06 09:42:00,255.0,255.65,253.8,255.25
10389,2024-06-06 09:45:00,255.15,255.55,253.95,253.95
10390,2024-06-06 09:48:00,253.85,253.95,251.5,253.25
10391,2024-06-06 09:51:00,253.15,253.9,253.15,253.85
10392,2024-06-06 09:54:00,253.7,254.5,253.45,254.0
10393,2024-06-06 09:57:00,253.7,253.9,252.3,252.65
10394,2024-06-06 10:00:00,252.5,253.0,252.45,252.9
10395,2024-06-06 10:03:00,252.75,253.35,251.95,253.2
10396,2024-06-06 10:06:00,253.3,253.85,253.0,253.85
10397,2024-06-06 10:09:00,253.9,253.95,253.25,253.75
10398,2024-06-06 10:12:00,253.8,254.0,253.35,253.65
10399,2024-06-06 10:15:00,253.45,253.75,253.2,253.6
10400,2024-06-06 10:18:00,253.5,253.8,253.45,253.7
10401,2024-06-06 10:21:00,253.6,254.25,253.55,254.0
10402,2024-06-06 10:24:00,253.9,254.1,253.7,254.0
10403,2024-06-06 10:27:00,254.05,254.55,254.05,254.35
10404,2024-06-06 10:30:00,254.45,254.5,254.1,254.3
10405,2024-06-06 10:33:00,254.35,254.4,253.9,254.4
10406,2024-06-06 10:36:00,254.5,254.9,254.35,254.7
10407,2024-06-06 10:39:00,254.75,254.8,254.15,254.25
10408,2024-06-06 10:42:00,254.3,254.7,253.95,254.7
10409,2024-06-06 10:45:00,254.65,255.25,254.4,255.25
10410,2024-06-06 10:48:00,255.15,255.6,255.15,255.4
10411,2024-06-06 10:51:00,255.3,255.5,255.2,255.35
10412,2024-06-06 10:54:00,255.25,256.0,254.9,255.9
10413,2024-06-06 10:57:00,255.85,257.5,255.85,257.5
10414,2024-06-06 11:00:00,257.45,257.5,256.95,257.25
10415,2024-06-06 11:03:00,257.35,257.35,256.55,256.55
10416,2024-06-06 11:06:00,256.65,256.8,256.25,256.5
10417,2024-06-06 11:09:00,256.4,256.65,256.0,256.6
10418,2024-06-06 11:12:00,256.65,256.65,256.1,256.45
10419,2024-06-06 11:15:00,256.35,256.5,255.95,256.3
10420,2024-06-06 11:18:00,256.2,256.8,256.1,256.75
10421,2024-06-06 11:21:00,256.55,256.7,255.95,256.1
10422,2024-06-06 11:24:00,256.0,257.0,256.0,256.85
10423,2024-06-06 11:27:00,256.7,256.85,255.8,256.4
10424,2024-06-06 11:30:00,256.6,256.95,256.1,256.2
10425,2024-06-06 11:33:00,256.1,256.25,255.25,255.6
10426,2024-06-06 11:36:00,255.5,255.8,254.7,255.0
10427,2024-06-06 11:39:00,255.05,255.25,254.4,254.65
10428,2024-06-06 11:42:00,254.75,254.95,254.1,254.35
10429,2024-06-06 11:45:00,254.3,254.7,252.45,252.6
10430,2024-06-06 11:48:00,252.55,253.0,251.9,252.5
10431,2024-06-06 11:51:00,252.6,254.2,252.4,254.1
10432,2024-06-06 11:54:00,254.2,255.7,253.7,255.7
10433,2024-06-06 11:57:00,255.65,257.0,255.45,256.15
10434,2024-06-06 12:00:00,256.2,256.3,254.45,254.7
10435,2024-06-06 12:03:00,254.5,254.9,254.25,254.65
10436,2024-06-06 12:06:00,254.7,255.0,254.3,254.6
10437,2024-06-06 12:09:00,254.7,255.4,254.6,254.75
10438,2024-06-06 12:12:00,254.7,254.85,254.1,254.3
10439,2024-06-06 12:15:00,254.2,254.5,253.85,254.1
10440,2024-06-06 12:18:00,254.15,254.4,253.55,254.4
10441,2024-06-06 12:21:00,254.35,254.9,253.95,254.75
10442,2024-06-06 12:24:00,254.7,254.7,254.1,254.25
10443,2024-06-06 12:27:00,254.1,254.6,253.85,254.15
10444,2024-06-06 12:30:00,254.1,254.65,253.85,254.65
10445,2024-06-06 12:33:00,254.7,255.0,254.3,254.55
10446,2024-06-06 12:36:00,254.65,254.7,253.7,254.0
10447,2024-06-06 12:39:00,253.95,254.25,253.65,253.85
10448,2024-06-06 12:42:00,253.8,253.85,252.7,252.7
10449,2024-06-06 12:45:00,252.65,253.45,252.3,252.7
10450,2024-06-06 12:48:00,252.65,253.8,252.65,253.8
10451,2024-06-06 12:51:00,253.6,253.8,253.35,253.55
10452,2024-06-06 12:54:00,253.5,253.65,252.5,252.7
10453,2024-06-06 12:57:00,252.6,253.0,252.05,252.05
10454,2024-06-06 13:00:00,252.1,252.25,251.1,251.3
10455,2024-06-06 13:03:00,251.25,251.65,250.0,250.45
10456,2024-06-06 13:06:00,250.4,250.9,250.25,250.65
10457,2024-06-06 13:09:00,250.6,251.0,250.05,251.0
10458,2024-06-06 13:12:00,251.05,251.9,250.5,251.9
10459,2024-06-06 13:15:00,251.75,252.3,251.6,252.25
10460,2024-06-06 13:18:00,252.1,252.25,251.25,251.75
10461,2024-06-06 13:21:00,251.8,252.05,251.45,252.05
10462,2024-06-06 13:24:00,252.0,252.2,251.3,252.1
10463,2024-06-06 13:27:00,252.0,252.5,251.85,252.4
10464,2024-06-06 13:30:00,252.45,252.8,252.2,252.35
10465,2024-06-06 13:33:00,252.3,252.7,252.15,252.65
10466,2024-06-06 13:36:00,252.6,253.5,252.55,253.35
10467,2024-06-06 13:39:00,253.4,253.6,253.3,253.55
10468,2024-06-06 13:42:00,253.5,253.6,253.1,253.5
10469,2024-06-06 13:45:00,253.3,253.4,252.95,253.15
10470,2024-06-06 13:48:00,252.95,253.1,252.55,253.0
10471,2024-06-06 13:51:00,253.1,253.1,252.2,252.45
10472,2024-06-06 13:54:00,252.5,252.7,252.2,252.25
10473,2024-06-06 13:57:00,252.35,252.7,252.15,252.55
10474,2024-06-06 14:00:00,252.65,252.95,252.5,252.75
10475,2024-06-06 14:03:00,252.6,252.9,252.1,252.4
10476,2024-06-06 14:06:00,252.35,252.55,252.0,252.5
10477,2024-06-06 14:09:00,252.4,252.45,252.1,252.35
10478,2024-06-06 14:12:00,252.3,252.4,252.0,252.3
10479,2024-06-06 14:15:00,252.2,252.45,252.05,252.3
10480,2024-06-06 14:18:00,252.2,252.45,251.85,252.1
10481,2024-06-06 14:21:00,252.0,252.4,251.75,252.2
10482,2024-06-06 14:24:00,252.1,252.1,251.0,251.2
10483,2024-06-06 14:27:00,251.05,251.3,250.5,250.65
10484,2024-06-06 14:30:00,250.7,251.1,250.25,250.5
10485,2024-06-06 14:33:00,250.55,251.35,250.45,251.25
10486,2024-06-06 14:36:00,251.2,251.25,250.8,250.95
10487,2024-06-06 14:39:00,250.9,251.1,250.7,250.8
10488,2024-06-06 14:42:00,250.85,251.45,250.8,251.35
10489,2024-06-06 14:45:00,251.4,252.5,251.35,252.4
10490,2024-06-06 14:48:00,252.3,252.4,251.6,251.75
10491,2024-06-06 14:51:00,251.8,251.85,251.0,251.15
10492,2024-06-06 14:54:00,251.25,251.45,250.9,251.35
10493,2024-06-06 14:57:00,251.3,251.9,251.1,251.85
10494,2024-06-06 15:00:00,251.9,252.5,251.85,252.3
10495,2024-06-06 15:03:00,252.35,252.45,251.55,251.7
10496,2024-06-06 15:06:00,251.6,252.1,251.55,251.6
10497,2024-06-06 15:09:00,251.5,252.05,251.5,252.0
10498,2024-06-06 15:12:00,251.95,252.15,251.9,251.95
10499,2024-06-06 15:15:00,252.0,252.4,251.7,252.15
10500,2024-06-06 15:18:00,252.25,252.4,252.15,252.35
10501,2024-06-06 15:21:00,252.25,252.9,252.2,252.65
10502,2024-06-06 15:24:00,252.6,252.65,252.3,252.4
10503,2024-06-06 15:27:00,252.45,255.5,252.0,255.5
10504,2024-06-07 09:15:00,256.55,256.55,253.25,254.65
10505,2024-06-07 09:18:00,254.3,255.6,254.3,255.45
10506,2024-06-07 09:21:00,255.4,256.5,255.2,256.25
10507,2024-06-07 09:24:00,256.3,256.7,255.6,256.55
10508,2024-06-07 09:27:00,256.5,256.95,256.3,256.75
10509,2024-06-07 09:30:00,256.55,258.45,256.55,257.75
10510,2024-06-07 09:33:00,257.65,258.85,257.65,258.5
10511,2024-06-07 09:36:00,258.4,258.55,257.75,258.0
10512,2024-06-07 09:39:00,257.95,258.6,257.85,257.95
10513,2024-06-07 09:42:00,257.85,257.85,257.1,257.4
10514,2024-06-07 09:45:00,257.55,257.6,256.7,257.1
10515,2024-06-07 09:48:00,257.2,258.0,256.9,257.65
10516,2024-06-07 09:51:00,257.5,257.8,255.7,255.7
10517,2024-06-07 09:54:00,255.85,257.15,255.75,257.05
10518,2024-06-07 09:57:00,257.25,257.7,257.05,257.4
10519,2024-06-07 10:00:00,257.25,257.55,256.5,256.8
10520,2024-06-07 10:03:00,256.7,257.15,256.55,256.85
10521,2024-06-07 10:06:00,256.7,257.2,256.7,257.05
10522,2024-06-07 10:09:00,257.0,258.5,257.0,258.35
10523,2024-06-07 10:12:00,258.3,258.45,257.85,257.85
10524,2024-06-07 10:15:00,258.0,258.15,257.5,257.85
10525,2024-06-07 10:18:00,257.8,258.25,257.75,258.0
10526,2024-06-07 10:21:00,258.1,258.15,257.5,258.0
10527,2024-06-07 10:24:00,258.1,258.75,258.0,258.65
10528,2024-06-07 10:27:00,258.6,259.35,258.6,258.95
10529,2024-06-07 10:30:00,258.7,258.9,258.5,258.65
10530,2024-06-07 10:33:00,258.7,258.9,258.6,258.85
10531,2024-06-07 10:36:00,258.9,259.2,258.6,258.75
10532,2024-06-07 10:39:00,258.65,258.95,257.8,257.8
10533,2024-06-07 10:42:00,257.95,258.0,257.4,257.4
10534,2024-06-07 10:45:00,257.3,257.7,257.1,257.55
10535,2024-06-07 10:48:00,257.75,257.85,257.5,257.8
10536,2024-06-07 10:51:00,257.85,258.25,257.8,258.1
10537,2024-06-07 10:54:00,258.0,258.1,257.45,257.7
10538,2024-06-07 10:57:00,257.65,257.85,257.45,257.55
10539,2024-06-07 11:00:00,257.4,257.95,257.4,257.8
10540,2024-06-07 11:03:00,257.9,258.15,257.75,258.1
10541,2024-06-07 11:06:00,258.05,258.1,257.85,257.9
10542,2024-06-07 11:09:00,257.85,257.95,257.6,257.65
10543,2024-06-07 11:12:00,257.8,257.8,257.2,257.2
10544,2024-06-07 11:15:00,257.3,257.5,256.7,256.9
10545,2024-06-07 11:18:00,256.75,256.9,256.5,256.6
10546,2024-06-07 11:21:00,256.55,256.75,256.4,256.6
10547,2024-06-07 11:24:00,256.65,257.55,256.6,257.55
10548,2024-06-07 11:27:00,257.45,257.5,256.9,257.1
10549,2024-06-07 11:30:00,257.2,257.85,257.0,257.85
10550,2024-06-07 11:33:00,257.75,258.2,257.65,258.15
10551,2024-06-07 11:36:00,258.0,258.1,257.8,257.9
10552,2024-06-07 11:39:00,257.8,258.0,257.7,257.7
10553,2024-06-07 11:42:00,257.85,257.85,257.5,257.6
10554,2024-06-07 11:45:00,257.5,257.75,257.15,257.3
10555,2024-06-07 11:48:00,257.2,257.75,257.2,257.7
10556,2024-06-07 11:51:00,257.5,258.0,257.5,257.6
10557,2024-06-07 11:54:00,257.5,257.7,257.35,257.7
10558,2024-06-07 11:57:00,257.55,257.85,257.5,257.65
10559,2024-06-07 12:00:00,257.5,257.9,257.45,257.9
10560,2024-06-07 12:03:00,257.8,257.9,257.5,257.85
10561,2024-06-07 12:06:00,257.75,257.85,257.5,257.6
10562,2024-06-07 12:09:00,257.7,257.75,257.1,257.15
10563,2024-06-07 12:12:00,257.1,257.4,257.05,257.2
10564,2024-06-07 12:15:00,257.05,257.3,256.85,257.05
10565,2024-06-07 12:18:00,256.85,257.3,256.85,257.15
10566,2024-06-07 12:21:00,257.25,257.5,257.05,257.5
10567,2024-06-07 12:24:00,257.45,257.45,257.2,257.35
10568,2024-06-07 12:27:00,257.4,257.4,257.0,257.2
10569,2024-06-07 12:30:00,257.15,257.2,257.0,257.1
10570,2024-06-07 12:33:00,257.05,257.2,256.8,256.9
10571,2024-06-07 12:36:00,256.85,257.3,256.65,257.25
10572,2024-06-07 12:39:00,257.3,257.7,257.15,257.7
10573,2024-06-07 12:42:00,257.55,258.2,257.55,258.2
10574,2024-06-07 12:45:00,258.25,258.5,258.15,258.35
10575,2024-06-07 12:48:00,258.4,258.4,258.0,258.2
10576,2024-06-07 12:51:00,258.05,258.3,257.85,258.0
10577,2024-06-07 12:54:00,257.9,258.0,257.25,257.5
10578,2024-06-07 12:57:00,257.45,257.75,257.35,257.75
10579,2024-06-07 13:00:00,257.7,257.85,257.45,257.45
10580,2024-06-07 13:03:00,257.5,257.55,257.0,257.55
10581,2024-06-07 13:06:00,257.45,257.5,256.9,257.05
10582,2024-06-07 13:09:00,257.15,257.25,256.9,257.2
10583,2024-06-07 13:12:00,257.15,257.45,257.05,257.45
10584,2024-06-07 13:15:00,257.3,257.5,257.25,257.45
10585,2024-06-07 13:18:00,257.3,257.45,256.85,257.0
10586,2024-06-07 13:21:00,256.95,257.5,256.95,257.05
10587,2024-06-07 13:24:00,257.2,257.45,256.95,257.3
10588,2024-06-07 13:27:00,257.4,257.55,257.2,257.35
10589,2024-06-07 13:30:00,257.4,257.7,257.25,257.45
10590,2024-06-07 13:33:00,257.55,257.7,257.35,257.7
10591,2024-06-07 13:36:00,257.55,257.75,257.4,257.55
10592,2024-06-07 13:39:00,257.4,258.0,257.4,258.0
10593,2024-06-07 13:42:00,257.95,258.2,257.85,258.15
10594,2024-06-07 13:45:00,258.2,258.2,257.95,258.1
10595,2024-06-07 13:48:00,258.15,258.3,257.95,258.2
10596,2024-06-07 13:51:00,258.1,258.25,258.0,258.15
10597,2024-06-07 13:54:00,258.1,258.25,257.95,257.95
10598,2024-06-07 13:57:00,258.0,258.1,257.7,257.9
10599,2024-06-07 14:00:00,258.0,258.15,257.75,258.05
10600,2024-06-07 14:03:00,258.1,258.2,258.0,258.2
10601,2024-06-07 14:06:00,258.15,258.8,258.1,258.8
10602,2024-06-07 14:09:00,258.7,258.9,258.6,258.75
10603,2024-06-07 14:12:00,258.8,258.8,258.35,258.5
10604,2024-06-07 14:15:00,258.45,258.65,258.35,258.5
10605,2024-06-07 14:18:00,258.65,258.65,258.2,258.4
10606,2024-06-07 14:21:00,258.5,258.5,258.15,258.3
10607,2024-06-07 14:24:00,258.25,258.35,257.6,257.6
10608,2024-06-07 14:27:00,257.7,258.05,257.55,257.95
10609,2024-06-07 14:30:00,258.05,258.55,258.05,258.5
10610,2024-06-07 14:33:00,258.45,258.75,258.3,258.5
10611,2024-06-07 14:36:00,258.65,258.75,258.3,258.5
10612,2024-06-07 14:39:00,258.35,258.5,258.3,258.35
10613,2024-06-07 14:42:00,258.4,258.45,258.15,258.25
10614,2024-06-07 14:45:00,258.15,258.5,258.15,258.3
10615,2024-06-07 14:48:00,258.45,258.55,258.25,258.55
10616,2024-06-07 14:51:00,258.45,258.75,258.4,258.6
10617,2024-06-07 14:54:00,258.55,259.35,258.55,259.35
10618,2024-06-07 14:57:00,259.25,259.8,259.15,259.3
10619,2024-06-07 15:00:00,259.2,259.4,258.85,258.95
10620,2024-06-07 15:03:00,259.0,259.2,258.8,259.0
10621,2024-06-07 15:06:00,259.05,259.2,258.9,258.9
10622,2024-06-07 15:09:00,259.0,259.2,258.85,259.15
10623,2024-06-07 15:12:00,259.2,259.4,258.5,258.5
10624,2024-06-07 15:15:00,258.45,258.5,258.0,258.3
10625,2024-06-07 15:18:00,258.25,258.5,258.0,258.1
10626,2024-06-07 15:21:00,258.4,258.45,258.1,258.3
10627,2024-06-07 15:24:00,258.35,258.45,258.0,258.15
10628,2024-06-07 15:27:00,258.35,259.0,258.0,259.0
10629,2024-06-10 09:15:00,258.95,258.95,255.5,257.25
10630,2024-06-10 09:18:00,257.35,257.55,255.05,255.65
10631,2024-06-10 09:21:00,255.5,256.0,254.7,255.3
10632,2024-06-10 09:24:00,255.25,256.9,255.05,256.6
10633,2024-06-10 09:27:00,256.9,258.0,256.75,257.7
10634,2024-06-10 09:30:00,257.85,258.0,257.05,257.25
10635,2024-06-10 09:33:00,257.1,257.5,255.55,255.8
10636,2024-06-10 09:36:00,255.65,255.7,254.05,255.05
10637,2024-06-10 09:39:00,255.1,257.35,254.85,257.0
10638,2024-06-10 09:42:00,257.2,257.5,256.55,256.7
10639,2024-06-10 09:45:00,256.75,256.75,255.75,256.5
10640,2024-06-10 09:48:00,256.4,256.5,255.9,256.1
10641,2024-06-10 09:51:00,256.3,256.5,254.65,255.45
10642,2024-06-10 09:54:00,255.3,255.8,255.1,255.45
10643,2024-06-10 09:57:00,255.5,255.9,255.25,255.25
10644,2024-06-10 10:00:00,255.35,255.5,254.65,255.3
10645,2024-06-10 10:03:00,255.35,255.4,254.75,254.95
10646,2024-06-10 10:06:00,254.9,255.9,254.9,255.7
10647,2024-06-10 10:09:00,255.8,256.45,255.7,256.35
10648,2024-06-10 10:12:00,256.3,256.9,256.15,256.9
10649,2024-06-10 10:15:00,256.75,257.1,256.7,256.75
10650,2024-06-10 10:18:00,256.9,257.0,256.3,257.0
10651,2024-06-10 10:21:00,256.95,257.25,256.8,257.0
10652,2024-06-10 10:24:00,256.95,257.0,256.65,256.9
10653,2024-06-10 10:27:00,257.0,257.0,256.85,256.85
10654,2024-06-10 10:30:00,257.0,257.0,256.3,256.45
10655,2024-06-10 10:33:00,256.6,256.9,256.45,256.75
10656,2024-06-10 10:36:00,256.85,256.85,256.35,256.55
10657,2024-06-10 10:39:00,256.6,256.65,256.1,256.45
10658,2024-06-10 10:42:00,256.4,256.45,255.75,255.85
10659,2024-06-10 10:45:00,255.95,255.95,255.3,255.8
10660,2024-06-10 10:48:00,255.75,255.95,255.55,255.75
10661,2024-06-10 10:51:00,255.85,256.55,255.7,256.5
10662,2024-06-10 10:54:00,256.45,257.15,256.4,257.1
10663,2024-06-10 10:57:00,257.0,257.6,257.0,257.35
10664,2024-06-10 11:00:00,257.3,257.45,257.1,257.25
10665,2024-06-10 11:03:00,257.1,257.2,256.9,257.1
10666,2024-06-10 11:06:00,257.05,257.2,256.5,256.7
10667,2024-06-10 11:09:00,256.55,256.7,256.35,256.6
10668,2024-06-10 11:12:00,256.55,256.7,256.25,256.6
10669,2024-06-10 11:15:00,256.4,256.65,256.3,256.6
10670,2024-06-10 11:18:00,256.55,256.8,256.25,256.25
10671,2024-06-10 11:21:00,256.2,256.85,256.2,256.6
10672,2024-06-10 11:24:00,256.7,256.85,256.6,256.85
10673,2024-06-10 11:27:00,256.75,257.25,256.75,256.85
10674,2024-06-10 11:30:00,256.95,257.0,256.7,257.0
10675,2024-06-10 11:33:00,256.85,257.0,256.6,256.7
10676,2024-06-10 11:36:00,256.6,256.7,256.55,256.55
10677,2024-06-10 11:39:00,256.65,256.9,256.55,256.8
10678,2024-06-10 11:42:00,256.75,256.95,256.65,256.8
10679,2024-06-10 11:45:00,256.9,257.25,256.8,257.1
10680,2024-06-10 11:48:00,257.0,257.15,256.8,257.0
10681,2024-06-10 11:51:00,257.05,257.25,257.0,257.1
10682,2024-06-10 11:54:00,257.25,257.45,257.1,257.25
10683,2024-06-10 11:57:00,257.3,257.3,257.05,257.2
10684,2024-06-10 12:00:00,257.1,257.35,257.05,257.25
10685,2024-06-10 12:03:00,257.2,257.2,256.6,256.9
10686,2024-06-10 12:06:00,256.8,257.0,256.65,256.8
10687,2024-06-10 12:09:00,256.7,256.8,256.15,256.35
10688,2024-06-10 12:12:00,256.3,256.5,255.9,256.1
10689,2024-06-10 12:15:00,256.15,256.75,256.1,256.5
10690,2024-06-10 12:18:00,256.4,256.95,256.4,256.8
10691,2024-06-10 12:21:00,256.75,256.9,256.5,256.9
10692,2024-06-10 12:24:00,256.8,256.9,256.5,256.6
10693,2024-06-10 12:27:00,256.55,256.75,256.5,256.75
10694,2024-06-10 12:30:00,256.65,256.95,256.65,256.8
10695,2024-06-10 12:33:00,256.95,256.95,256.7,256.85
10696,2024-06-10 12:36:00,256.75,257.1,256.75,256.85
10697,2024-06-10 12:39:00,256.9,257.0,256.75,256.75
10698,2024-06-10 12:42:00,256.85,257.0,256.7,257.0
10699,2024-06-10 12:45:00,256.9,257.15,256.8,256.85
10700,2024-06-10 12:48:00,256.95,257.15,256.85,257.0
10701,2024-06-10 12:51:00,256.85,257.25,256.85,257.2
10702,2024-06-10 12:54:00,257.05,257.4,257.05,257.25
10703,2024-06-10 12:57:00,257.2,257.2,256.7,256.75
10704,2024-06-10 13:00:00,256.85,256.95,256.65,256.75
10705,2024-06-10 13:03:00,256.55,256.8,256.5,256.8
10706,2024-06-10 13:06:00,256.75,256.8,256.5,256.65
10707,2024-06-10 13:09:00,256.8,256.8,256.3,256.55
10708,2024-06-10 13:12:00,256.4,256.6,256.15,256.45
10709,2024-06-10 13:15:00,256.4,256.65,256.3,256.55
10710,2024-06-10 13:18:00,256.5,256.6,256.3,256.55
10711,2024-06-10 13:21:00,256.5,256.7,256.4,256.65
10712,2024-06-10 13:24:00,256.5,256.7,256.25,256.3
10713,2024-06-10 13:27:00,256.4,256.6,256.3,256.35
10714,2024-06-10 13:30:00,256.45,256.55,256.25,256.35
10715,2024-06-10 13:33:00,256.4,256.4,256.2,256.35
10716,2024-06-10 13:36:00,256.2,256.4,256.2,256.3
10717,2024-06-10 13:39:00,256.25,256.4,256.2,256.4
10718,2024-06-10 13:42:00,256.35,256.4,256.2,256.4
10719,2024-06-10 13:45:00,256.25,256.4,256.05,256.2
10720,2024-06-10 13:48:00,256.05,256.25,255.8,255.95
10721,2024-06-10 13:51:00,255.85,256.1,255.8,255.95
10722,2024-06-10 13:54:00,256.0,256.15,255.9,256.15
10723,2024-06-10 13:57:00,256.1,256.3,256.0,256.25
10724,2024-06-10 14:00:00,256.3,256.3,255.9,256.15
10725,2024-06-10 14:03:00,256.2,256.3,255.95,256.3
10726,2024-06-10 14:06:00,256.25,256.3,255.9,256.0
10727,2024-06-10 14:09:00,255.95,256.3,255.9,256.25
10728,2024-06-10 14:12:00,256.3,256.3,255.95,256.0
10729,2024-06-10 14:15:00,255.95,256.15,255.85,256.0
10730,2024-06-10 14:18:00,255.9,256.0,255.85,256.0
10731,2024-06-10 14:21:00,255.85,256.0,255.4,255.55
10732,2024-06-10 14:24:00,255.4,255.6,254.95,255.0
10733,2024-06-10 14:27:00,254.95,255.15,253.9,254.0
10734,2024-06-10 14:30:00,254.05,254.75,253.95,254.7
10735,2024-06-10 14:33:00,254.75,254.85,254.1,254.2
10736,2024-06-10 14:36:00,254.25,254.95,254.0,254.6
10737,2024-06-10 14:39:00,254.7,255.0,254.7,254.9
10738,2024-06-10 14:42:00,254.95,255.3,254.8,255.3
10739,2024-06-10 14:45:00,255.25,255.25,254.75,255.05
10740,2024-06-10 14:48:00,255.15,255.3,254.8,254.95
10741,2024-06-10 14:51:00,254.85,255.0,254.7,254.7
10742,2024-06-10 14:54:00,254.8,254.9,254.5,254.5
10743,2024-06-10 14:57:00,254.6,255.0,254.4,255.0
10744,2024-06-10 15:00:00,254.95,254.95,254.65,254.85
10745,2024-06-10 15:03:00,254.7,255.2,254.5,254.7
10746,2024-06-10 15:06:00,254.65,255.0,254.45,254.75
10747,2024-06-10 15:09:00,254.65,254.95,254.65,254.9
10748,2024-06-10 15:12:00,254.95,255.0,254.7,254.7
10749,2024-06-10 15:15:00,254.85,254.85,254.45,254.5
10750,2024-06-10 15:18:00,254.55,254.6,254.2,254.45
10751,2024-06-10 15:21:00,254.25,254.8,254.25,254.8
10752,2024-06-10 15:24:00,254.75,254.8,254.5,254.6
10753,2024-06-10 15:27:00,254.55,254.9,254.5,254.8
10754,2024-06-11 09:15:00,254.55,255.15,253.4,255.0
10755,2024-06-11 09:18:00,254.95,255.0,253.95,254.85
10756,2024-06-11 09:21:00,254.75,256.0,254.75,256.0
10757,2024-06-11 09:24:00,255.95,257.2,255.85,257.0
10758,2024-06-11 09:27:00,257.1,257.6,256.8,257.45
10759,2024-06-11 09:30:00,257.3,257.6,256.75,257.0
10760,2024-06-11 09:33:00,257.05,257.1,256.35,256.35
10761,2024-06-11 09:36:00,256.5,256.5,255.05,255.2
10762,2024-06-11 09:39:00,255.35,255.9,254.25,255.25
10763,2024-06-11 09:42:00,255.4,256.7,255.3,256.5
10764,2024-06-11 09:45:00,256.45,256.5,256.1,256.35
10765,2024-06-11 09:48:00,256.45,256.95,256.3,256.85
10766,2024-06-11 09:51:00,256.95,257.0,256.75,256.8
10767,2024-06-11 09:54:00,256.9,257.25,256.8,256.85
10768,2024-06-11 09:57:00,256.8,257.05,256.65,256.85
10769,2024-06-11 10:00:00,257.0,257.4,256.85,257.4
10770,2024-06-11 10:03:00,257.5,257.5,257.1,257.15
10771,2024-06-11 10:06:00,257.2,257.5,257.15,257.3
10772,2024-06-11 10:09:00,257.2,257.3,256.9,257.15
10773,2024-06-11 10:12:00,257.05,257.45,257.05,257.35
10774,2024-06-11 10:15:00,257.25,257.4,256.95,257.0
10775,2024-06-11 10:18:00,257.15,257.15,256.95,257.15
10776,2024-06-11 10:21:00,257.05,257.15,256.7,256.85
10777,2024-06-11 10:24:00,256.95,257.1,256.8,257.1
10778,2024-06-11 10:27:00,257.15,257.15,256.95,257.0
10779,2024-06-11 10:30:00,256.85,257.15,256.85,257.1
10780,2024-06-11 10:33:00,257.0,257.1,256.85,257.1
10781,2024-06-11 10:36:00,257.0,257.2,257.0,257.1
10782,2024-06-11 10:39:00,257.05,258.0,257.05,257.9
10783,2024-06-11 10:42:00,258.0,258.45,257.85,258.05
10784,2024-06-11 10:45:00,257.9,258.45,257.8,258.3
10785,2024-06-11 10:48:00,258.45,258.95,258.3,258.9
10786,2024-06-11 10:51:00,258.8,258.85,258.25,258.45
10787,2024-06-11 10:54:00,258.4,258.75,258.35,258.6
10788,2024-06-11 10:57:00,258.55,258.55,258.0,258.4
10789,2024-06-11 11:00:00,258.25,258.4,257.6,257.6
10790,2024-06-11 11:03:00,257.55,258.9,257.5,258.9
10791,2024-06-11 11:06:00,258.7,259.3,258.7,259.05
10792,2024-06-11 11:09:00,259.15,259.75,259.0,259.4
10793,2024-06-11 11:12:00,259.3,259.6,259.2,259.25
10794,2024-06-11 11:15:00,259.3,259.5,259.0,259.4
10795,2024-06-11 11:18:00,259.45,259.5,259.25,259.25
10796,2024-06-11 11:21:00,259.2,259.35,258.65,258.85
10797,2024-06-11 11:24:00,258.8,259.0,258.65,259.0
10798,2024-06-11 11:27:00,258.9,259.45,258.9,259.4
10799,2024-06-11 11:30:00,259.25,259.35,259.0,259.1
10800,2024-06-11 11:33:00,259.05,259.4,258.75,259.4
10801,2024-06-11 11:36:00,259.35,259.4,259.0,259.15
10802,2024-06-11 11:39:00,259.1,259.4,259.1,259.4
10803,2024-06-11 11:42:00,259.35,259.75,259.3,259.7
10804,2024-06-11 11:45:00,259.65,259.8,259.65,259.7
10805,2024-06-11 11:48:00,259.65,259.7,259.3,259.5
10806,2024-06-11 11:51:00,259.55,259.6,259.25,259.5
10807,2024-06-11 11:54:00,259.4,259.5,259.1,259.25
10808,2024-06-11 11:57:00,259.2,259.25,259.05,259.2
10809,2024-06-11 12:00:00,259.1,259.6,259.1,259.5
10810,2024-06-11 12:03:00,259.4,259.55,259.35,259.4
10811,2024-06-11 12:06:00,259.35,259.4,259.1,259.4
10812,2024-06-11 12:09:00,259.35,259.5,259.35,259.5
10813,2024-06-11 12:12:00,259.4,259.5,259.2,259.5
10814,2024-06-11 12:15:00,259.45,259.5,259.2,259.25
10815,2024-06-11 12:18:00,259.3,259.8,259.25,259.8
10816,2024-06-11 12:21:00,259.7,261.4,259.6,261.4
10817,2024-06-11 12:24:00,261.35,261.35,260.7,260.85
10818,2024-06-11 12:27:00,260.9,261.45,260.8,261.4
10819,2024-06-11 12:30:00,261.3,261.4,260.75,260.9
10820,2024-06-11 12:33:00,260.8,260.9,260.3,260.65
10821,2024-06-11 12:36:00,260.6,260.75,260.05,260.35
10822,2024-06-11 12:39:00,260.3,260.4,259.55,259.6
10823,2024-06-11 12:42:00,259.75,260.0,259.5,259.75
10824,2024-06-11 12:45:00,259.95,260.0,259.55,259.8
10825,2024-06-11 12:48:00,259.9,259.95,259.0,259.3
10826,2024-06-11 12:51:00,259.15,259.5,258.55,258.7
10827,2024-06-11 12:54:00,258.85,258.95,258.7,258.9
10828,2024-06-11 12:57:00,258.85,259.0,258.3,259.0
10829,2024-06-11 13:00:00,258.95,259.0,258.55,258.9
10830,2024-06-11 13:03:00,258.75,259.35,258.75,259.3
10831,2024-06-11 13:06:00,259.2,259.25,259.0,259.1
10832,2024-06-11 13:09:00,259.15,259.15,258.8,258.9
10833,2024-06-11 13:12:00,258.95,258.95,258.75,258.9
10834,2024-06-11 13:15:00,258.75,258.9,258.5,258.8
10835,2024-06-11 13:18:00,258.65,258.85,258.45,258.75
10836,2024-06-11 13:21:00,258.7,258.85,258.5,258.7
10837,2024-06-11 13:24:00,258.6,258.85,258.5,258.75
10838,2024-06-11 13:27:00,258.65,259.25,258.5,259.15
10839,2024-06-11 13:30:00,259.2,259.35,259.05,259.15
10840,2024-06-11 13:33:00,259.05,259.85,259.05,259.8
10841,2024-06-11 13:36:00,259.7,259.85,259.5,259.6
10842,2024-06-11 13:39:00,259.55,259.85,259.55,259.7
10843,2024-06-11 13:42:00,259.75,259.8,259.6,259.75
10844,2024-06-11 13:45:00,259.7,260.0,259.7,259.95
10845,2024-06-11 13:48:00,259.9,260.0,259.7,260.0
10846,2024-06-11 13:51:00,259.9,260.0,259.0,259.15
10847,2024-06-11 13:54:00,259.1,259.2,258.65,258.9
10848,2024-06-11 13:57:00,258.95,259.6,258.9,259.45
10849,2024-06-11 14:00:00,259.55,259.55,258.95,259.1
10850,2024-06-11 14:03:00,259.0,259.15,258.65,258.8
10851,2024-06-11 14:06:00,258.7,258.95,258.5,258.7
10852,2024-06-11 14:09:00,258.6,258.75,257.8,258.25
10853,2024-06-11 14:12:00,258.15,258.25,257.6,257.6
10854,2024-06-11 14:15:00,257.7,258.05,257.7,258.0
10855,2024-06-11 14:18:00,257.9,258.1,257.15,257.15
10856,2024-06-11 14:21:00,257.2,257.75,256.8,257.7
10857,2024-06-11 14:24:00,257.75,258.05,257.5,257.55
10858,2024-06-11 14:27:00,257.5,258.0,257.5,258.0
10859,2024-06-11 14:30:00,257.9,258.15,257.75,258.0
10860,2024-06-11 14:33:00,257.9,258.1,257.45,257.7
10861,2024-06-11 14:36:00,257.8,257.8,256.75,257.1
10862,2024-06-11 14:39:00,257.15,257.25,256.85,257.05
10863,2024-06-11 14:42:00,257.0,257.35,256.95,257.2
10864,2024-06-11 14:45:00,257.15,257.3,255.15,255.45
10865,2024-06-11 14:48:00,255.6,255.85,254.95,255.4
10866,2024-06-11 14:51:00,255.5,256.1,255.4,255.85
10867,2024-06-11 14:54:00,255.9,256.35,255.8,256.35
10868,2024-06-11 14:57:00,256.3,256.35,255.95,256.2
10869,2024-06-11 15:00:00,256.05,256.15,255.0,255.5
10870,2024-06-11 15:03:00,255.65,255.65,254.8,255.1
10871,2024-06-11 15:06:00,255.2,255.7,255.15,255.45
10872,2024-06-11 15:09:00,255.55,255.6,255.35,255.5
10873,2024-06-11 15:12:00,255.45,255.5,255.1,255.35
10874,2024-06-11 15:15:00,255.25,255.35,255.0,255.0
10875,2024-06-11 15:18:00,255.15,255.5,255.05,255.05
10876,2024-06-11 15:21:00,255.15,255.25,254.9,255.0
10877,2024-06-11 15:24:00,254.95,255.3,254.9,255.2
10878,2024-06-11 15:27:00,255.1,255.95,255.1,255.95
10879,2024-06-12 09:15:00,256.25,257.0,255.75,256.8
10880,2024-06-12 09:18:00,256.65,258.0,256.6,257.9
10881,2024-06-12 09:21:00,257.85,257.95,257.25,257.85
10882,2024-06-12 09:24:00,257.95,259.45,257.9,259.35
10883,2024-06-12 09:27:00,259.3,259.4,258.7,259.05
10884,2024-06-12 09:30:00,258.85,259.4,258.7,259.35
10885,2024-06-12 09:33:00,259.15,259.35,258.75,259.0
10886,2024-06-12 09:36:00,258.9,259.25,258.7,259.0
10887,2024-06-12 09:39:00,258.85,258.9,258.3,258.3
10888,2024-06-12 09:42:00,258.4,258.6,258.2,258.3
10889,2024-06-12 09:45:00,258.2,258.95,258.2,258.85
10890,2024-06-12 09:48:00,258.7,258.85,258.6,258.6
10891,2024-06-12 09:51:00,258.7,258.9,258.5,258.75
10892,2024-06-12 09:54:00,258.85,259.45,258.6,259.15
10893,2024-06-12 09:57:00,259.2,259.4,258.75,259.05
10894,2024-06-12 10:00:00,259.15,259.95,259.1,259.7
10895,2024-06-12 10:03:00,259.8,259.95,259.5,259.7
10896,2024-06-12 10:06:00,259.55,259.7,259.3,259.3
10897,2024-06-12 10:09:00,259.25,259.3,258.95,259.0
10898,2024-06-12 10:12:00,259.1,259.15,258.85,258.95
10899,2024-06-12 10:15:00,259.0,259.2,258.7,258.7
10900,2024-06-12 10:18:00,258.75,259.0,258.55,258.55
10901,2024-06-12 10:21:00,258.7,258.75,258.5,258.5
10902,2024-06-12 10:24:00,258.55,258.55,257.75,257.85
10903,2024-06-12 10:27:00,257.8,258.65,257.65,258.35
10904,2024-06-12 10:30:00,258.45,258.8,258.3,258.8
10905,2024-06-12 10:33:00,258.75,259.15,258.7,259.1
10906,2024-06-12 10:36:00,259.0,259.2,258.8,258.85
10907,2024-06-12 10:39:00,258.8,259.0,258.7,258.9
10908,2024-06-12 10:42:00,258.85,259.0,258.7,258.95
10909,2024-06-12 10:45:00,258.9,259.45,258.9,259.15
10910,2024-06-12 10:48:00,259.1,259.15,258.9,259.05
10911,2024-06-12 10:51:00,259.1,259.15,258.7,258.9
10912,2024-06-12 10:54:00,258.8,259.0,258.55,258.55
10913,2024-06-12 10:57:00,258.65,258.65,258.25,258.55
10914,2024-06-12 11:00:00,258.5,258.7,258.25,258.3
10915,2024-06-12 11:03:00,258.25,259.25,258.25,259.25
10916,2024-06-12 11:06:00,259.15,259.4,258.85,258.85
10917,2024-06-12 11:09:00,259.0,259.15,258.75,258.95
10918,2024-06-12 11:12:00,259.05,259.45,259.05,259.35
10919,2024-06-12 11:15:00,259.7,259.9,259.55,259.55
10920,2024-06-12 11:18:00,259.6,259.75,259.4,259.5
10921,2024-06-12 11:21:00,259.4,259.6,259.25,259.6
10922,2024-06-12 11:24:00,259.7,260.5,259.65,260.4
10923,2024-06-12 11:27:00,260.3,260.4,259.6,259.7
10924,2024-06-12 11:30:00,259.75,259.8,259.2,259.65
10925,2024-06-12 11:33:00,259.55,259.9,259.55,259.9
10926,2024-06-12 11:36:00,259.8,259.9,259.45,259.45
10927,2024-06-12 11:39:00,259.5,259.7,259.35,259.7
10928,2024-06-12 11:42:00,259.6,260.0,259.6,259.75
10929,2024-06-12 11:45:00,259.7,259.9,259.4,259.5
10930,2024-06-12 11:48:00,259.45,259.75,259.3,259.65
10931,2024-06-12 11:51:00,259.6,259.75,259.25,259.5
10932,2024-06-12 11:54:00,259.45,259.5,259.2,259.3
10933,2024-06-12 11:57:00,259.35,259.4,259.2,259.35
10934,2024-06-12 12:00:00,259.3,259.4,258.85,258.9
10935,2024-06-12 12:03:00,258.95,258.95,258.5,258.55
10936,2024-06-12 12:06:00,258.6,258.9,258.5,258.85
10937,2024-06-12 12:09:00,258.8,258.9,258.65,258.75
10938,2024-06-12 12:12:00,258.7,258.75,258.5,258.5
10939,2024-06-12 12:15:00,258.55,258.55,258.25,258.5
10940,2024-06-12 12:18:00,258.55,258.85,258.5,258.8
10941,2024-06-12 12:21:00,258.85,259.0,258.6,258.75
10942,2024-06-12 12:24:00,258.65,258.95,258.65,258.8
10943,2024-06-12 12:27:00,258.75,258.95,258.6,258.6
10944,2024-06-12 12:30:00,258.55,259.3,258.55,259.05
10945,2024-06-12 12:33:00,259.0,259.9,259.0,259.65
10946,2024-06-12 12:36:00,259.55,259.75,259.4,259.65
10947,2024-06-12 12:39:00,259.55,260.3,259.55,260.3
10948,2024-06-12 12:42:00,260.25,261.4,260.1,261.35
10949,2024-06-12 12:45:00,261.3,262.3,261.15,262.3
10950,2024-06-12 12:48:00,262.25,262.4,261.7,261.9
10951,2024-06-12 12:51:00,262.0,262.6,261.85,262.6
10952,2024-06-12 12:54:00,262.5,263.0,262.35,262.95
10953,2024-06-12 12:57:00,262.7,263.0,262.7,262.8
10954,2024-06-12 13:00:00,262.85,262.95,262.55,262.65
10955,2024-06-12 13:03:00,262.75,263.85,262.65,263.85
10956,2024-06-12 13:06:00,263.75,263.8,263.35,263.7
10957,2024-06-12 13:09:00,263.8,263.8,263.0,263.2
10958,2024-06-12 13:12:00,263.25,263.3,262.5,262.55
10959,2024-06-12 13:15:00,262.5,262.85,262.5,262.75
10960,2024-06-12 13:18:00,262.65,263.05,262.6,263.0
10961,2024-06-12 13:21:00,262.85,263.0,262.6,262.65
10962,2024-06-12 13:24:00,262.6,262.9,262.5,262.75
10963,2024-06-12 13:27:00,262.7,263.05,262.65,263.0
10964,2024-06-12 13:30:00,263.05,263.1,262.85,263.0
10965,2024-06-12 13:33:00,262.95,263.0,262.6,262.65
10966,2024-06-12 13:36:00,262.6,262.75,262.5,262.7
10967,2024-06-12 13:39:00,262.75,262.95,262.6,262.6
10968,2024-06-12 13:42:00,262.65,262.95,262.4,262.55
10969,2024-06-12 13:45:00,262.6,262.8,262.15,262.25
10970,2024-06-12 13:48:00,262.15,262.3,261.8,261.85
10971,2024-06-12 13:51:00,261.9,262.2,261.65,262.15
10972,2024-06-12 13:54:00,262.05,262.15,261.8,261.9
10973,2024-06-12 13:57:00,262.0,262.1,261.6,261.7
10974,2024-06-12 14:00:00,261.75,262.0,261.65,261.9
10975,2024-06-12 14:03:00,262.0,262.15,261.75,262.1
10976,2024-06-12 14:06:00,262.0,262.15,261.6,261.7
10977,2024-06-12 14:09:00,261.6,261.7,261.15,261.5
10978,2024-06-12 14:12:00,261.35,261.65,261.0,261.25
10979,2024-06-12 14:15:00,261.15,261.3,260.55,260.65
10980,2024-06-12 14:18:00,260.8,261.55,260.65,261.35
10981,2024-06-12 14:21:00,261.3,261.4,260.9,261.3
10982,2024-06-12 14:24:00,261.35,261.75,261.3,261.6
10983,2024-06-12 14:27:00,261.65,262.25,261.6,262.15
10984,2024-06-12 14:30:00,262.2,262.2,261.65,261.8
10985,2024-06-12 14:33:00,261.95,262.25,261.8,262.25
10986,2024-06-12 14:36:00,262.3,262.55,262.15,262.3
10987,2024-06-12 14:39:00,262.45,262.45,262.2,262.35
10988,2024-06-12 14:42:00,262.45,262.75,262.4,262.75
10989,2024-06-12 14:45:00,262.65,262.8,262.4,262.55
10990,2024-06-12 14:48:00,262.6,262.6,262.35,262.5
10991,2024-06-12 14:51:00,262.45,262.5,262.25,262.5
10992,2024-06-12 14:54:00,262.45,262.95,262.45,262.9
10993,2024-06-12 14:57:00,262.95,263.0,262.7,262.85
10994,2024-06-12 15:00:00,262.8,262.8,262.5,262.5
10995,2024-06-12 15:03:00,262.45,262.7,262.25,262.55
10996,2024-06-12 15:06:00,262.65,262.95,262.1,262.95
10997,2024-06-12 15:09:00,262.8,263.0,262.8,262.85
10998,2024-06-12 15:12:00,262.9,263.3,262.85,263.05
10999,2024-06-12 15:15:00,263.0,263.15,262.85,263.1
11000,2024-06-12 15:18:00,263.15,263.55,263.0,263.5
11001,2024-06-12 15:21:00,263.55,263.6,263.35,263.4
11002,2024-06-12 15:24:00,263.45,263.8,263.35,263.7
11003,2024-06-12 15:27:00,263.75,267.4,263.55,267.4
11004,2024-06-13 09:15:00,266.45,267.95,266.4,267.0
11005,2024-06-13 09:18:00,266.8,267.1,266.1,266.4
11006,2024-06-13 09:21:00,266.3,267.2,265.75,267.0
11007,2024-06-13 09:24:00,267.05,267.3,266.8,266.9
11008,2024-06-13 09:27:00,266.75,267.0,266.0,266.25
11009,2024-06-13 09:30:00,266.3,266.55,265.8,266.25
11010,2024-06-13 09:33:00,266.4,266.5,266.0,266.4
11011,2024-06-13 09:36:00,266.35,266.5,265.9,265.9
11012,2024-06-13 09:39:00,266.0,266.1,264.85,265.6
11013,2024-06-13 09:42:00,265.65,266.25,265.35,266.15
11014,2024-06-13 09:45:00,266.2,266.3,265.3,265.4
11015,2024-06-13 09:48:00,265.55,265.55,264.9,265.35
11016,2024-06-13 09:51:00,265.3,265.4,264.5,265.1
11017,2024-06-13 09:54:00,265.0,265.4,264.8,265.35
11018,2024-06-13 09:57:00,265.25,266.3,265.05,266.25
11019,2024-06-13 10:00:00,266.15,266.25,265.8,266.15
11020,2024-06-13 10:03:00,266.0,266.5,266.0,266.25
11021,2024-06-13 10:06:00,266.15,266.4,266.0,266.05
11022,2024-06-13 10:09:00,266.1,266.8,266.05,266.4
11023,2024-06-13 10:12:00,266.45,266.5,266.0,266.1
11024,2024-06-13 10:15:00,266.0,266.15,265.45,265.6
11025,2024-06-13 10:18:00,265.5,265.6,265.1,265.4
11026,2024-06-13 10:21:00,265.35,265.4,265.05,265.1
11027,2024-06-13 10:24:00,265.2,265.55,265.0,265.35
11028,2024-06-13 10:27:00,265.4,265.4,265.1,265.15
11029,2024-06-13 10:30:00,265.1,265.5,265.1,265.3
11030,2024-06-13 10:33:00,265.25,265.65,265.25,265.55
11031,2024-06-13 10:36:00,265.5,265.8,265.35,265.75
11032,2024-06-13 10:39:00,265.65,265.8,265.2,265.75
11033,2024-06-13 10:42:00,265.8,265.95,265.5,265.9
11034,2024-06-13 10:45:00,265.95,266.0,265.55,265.55
11035,2024-06-13 10:48:00,265.6,265.6,265.2,265.35
11036,2024-06-13 10:51:00,265.25,265.35,265.1,265.2
11037,2024-06-13 10:54:00,265.15,265.3,265.0,265.25
11038,2024-06-13 10:57:00,265.2,265.25,265.05,265.1
11039,2024-06-13 11:00:00,265.05,265.15,264.8,265.0
11040,2024-06-13 11:03:00,264.95,265.15,264.7,264.9
11041,2024-06-13 11:06:00,264.85,264.9,264.5,264.6
11042,2024-06-13 11:09:00,264.65,264.75,264.05,264.2
11043,2024-06-13 11:12:00,264.15,264.45,263.85,263.85
11044,2024-06-13 11:15:00,263.9,264.25,263.5,263.6
11045,2024-06-13 11:18:00,263.5,263.65,263.2,263.5
11046,2024-06-13 11:21:00,263.35,263.75,263.1,263.25
11047,2024-06-13 11:24:00,263.2,263.25,262.65,263.05
11048,2024-06-13 11:27:00,263.15,264.55,263.05,264.5
11049,2024-06-13 11:30:00,264.3,264.4,264.05,264.25
11050,2024-06-13 11:33:00,264.3,264.3,264.0,264.1
11051,2024-06-13 11:36:00,264.0,264.45,264.0,264.35
11052,2024-06-13 11:39:00,264.2,264.7,264.2,264.65
11053,2024-06-13 11:42:00,264.5,264.8,264.5,264.6
11054,2024-06-13 11:45:00,264.65,264.9,264.5,264.85
11055,2024-06-13 11:48:00,264.9,265.0,264.7,264.9
11056,2024-06-13 11:51:00,264.8,264.9,264.6,264.65
11057,2024-06-13 11:54:00,264.7,264.75,263.9,263.95
11058,2024-06-13 11:57:00,264.0,264.0,263.8,263.9
11059,2024-06-13 12:00:00,263.6,264.0,263.35,264.0
11060,2024-06-13 12:03:00,264.05,264.25,263.85,264.05
11061,2024-06-13 12:06:00,264.1,264.15,263.9,264.05
11062,2024-06-13 12:09:00,264.0,264.0,263.55,263.55
11063,2024-06-13 12:12:00,263.5,263.9,263.4,263.8
11064,2024-06-13 12:15:00,263.9,264.1,263.75,264.0
11065,2024-06-13 12:18:00,264.05,264.1,263.7,263.8
11066,2024-06-13 12:21:00,263.85,264.05,263.7,263.95
11067,2024-06-13 12:24:00,263.85,264.0,263.8,264.0
11068,2024-06-13 12:27:00,263.95,264.05,263.95,263.95
11069,2024-06-13 12:30:00,264.0,264.15,264.0,264.1
11070,2024-06-13 12:33:00,264.15,264.6,264.05,264.5
11071,2024-06-13 12:36:00,264.6,264.6,264.25,264.5
11072,2024-06-13 12:39:00,264.45,264.5,264.3,264.5
11073,2024-06-13 12:42:00,264.45,264.6,264.3,264.45
11074,2024-06-13 12:45:00,264.4,264.7,264.3,264.45
11075,2024-06-13 12:48:00,264.5,264.6,264.25,264.45
11076,2024-06-13 12:51:00,264.55,264.6,264.4,264.55
11077,2024-06-13 12:54:00,264.5,264.7,264.4,264.6
11078,2024-06-13 12:57:00,264.65,264.7,264.45,264.5
11079,2024-06-13 13:00:00,264.45,264.65,264.35,264.5
11080,2024-06-13 13:03:00,264.55,264.65,264.45,264.55
11081,2024-06-13 13:06:00,264.6,264.75,264.6,264.7
11082,2024-06-13 13:09:00,264.75,264.9,264.6,264.75
11083,2024-06-13 13:12:00,264.7,264.75,264.4,264.75
11084,2024-06-13 13:15:00,264.7,264.75,264.4,264.5
11085,2024-06-13 13:18:00,264.4,264.65,264.35,264.65
11086,2024-06-13 13:21:00,264.6,264.75,264.5,264.55
11087,2024-06-13 13:24:00,264.5,264.7,264.5,264.7
11088,2024-06-13 13:27:00,264.65,264.75,264.55,264.75
11089,2024-06-13 13:30:00,264.8,264.9,264.7,264.8
11090,2024-06-13 13:33:00,264.85,265.0,264.85,265.0
11091,2024-06-13 13:36:00,264.95,265.4,264.85,265.3
11092,2024-06-13 13:39:00,265.2,265.3,265.0,265.15
11093,2024-06-13 13:42:00,265.2,265.35,265.1,265.2
11094,2024-06-13 13:45:00,265.15,265.2,264.7,264.7
11095,2024-06-13 13:48:00,264.75,264.85,264.45,264.5
11096,2024-06-13 13:51:00,264.55,264.8,264.1,264.7
11097,2024-06-13 13:54:00,264.75,264.95,264.7,264.85
11098,2024-06-13 13:57:00,264.9,265.4,264.85,265.2
11099,2024-06-13 14:00:00,265.35,265.45,265.0,265.15
11100,2024-06-13 14:03:00,265.0,265.25,265.0,265.05
11101,2024-06-13 14:06:00,265.15,265.15,264.4,264.6
11102,2024-06-13 14:09:00,264.45,264.65,264.35,264.6
11103,2024-06-13 14:12:00,264.65,265.0,264.55,265.0
11104,2024-06-13 14:15:00,265.05,265.1,264.3,264.5
11105,2024-06-13 14:18:00,264.45,264.5,264.1,264.25
11106,2024-06-13 14:21:00,264.4,264.45,264.25,264.45
11107,2024-06-13 14:24:00,264.35,264.5,264.15,264.25
11108,2024-06-13 14:27:00,264.2,264.5,264.15,264.5
11109,2024-06-13 14:30:00,264.55,264.95,264.55,264.65
11110,2024-06-13 14:33:00,264.6,264.85,264.6,264.65
11111,2024-06-13 14:36:00,264.7,265.1,264.7,264.85
11112,2024-06-13 14:39:00,264.75,265.0,264.7,264.9
11113,2024-06-13 14:42:00,264.85,265.05,264.8,264.95
11114,2024-06-13 14:45:00,264.9,265.15,264.85,265.15
11115,2024-06-13 14:48:00,264.95,265.3,264.95,265.3
11116,2024-06-13 14:51:00,265.25,265.5,264.95,265.2
11117,2024-06-13 14:54:00,265.15,265.45,264.7,264.8
11118,2024-06-13 14:57:00,264.75,265.15,264.7,264.95
11119,2024-06-13 15:00:00,265.05,265.35,264.95,265.2
11120,2024-06-13 15:03:00,265.3,265.8,265.25,265.8
11121,2024-06-13 15:06:00,265.85,265.85,265.4,265.5
11122,2024-06-13 15:09:00,265.45,265.5,265.1,265.25
11123,2024-06-13 15:12:00,265.35,265.5,265.25,265.4
11124,2024-06-13 15:15:00,265.45,265.45,265.05,265.3
11125,2024-06-13 15:18:00,265.25,265.45,265.2,265.35
11126,2024-06-13 15:21:00,265.2,265.5,265.2,265.45
11127,2024-06-13 15:24:00,265.4,265.5,265.4,265.5
11128,2024-06-13 15:27:00,265.45,265.5,265.2,265.3
11129,2024-06-14 09:15:00,265.25,266.2,264.95,265.6
11130,2024-06-14 09:18:00,265.65,265.7,264.85,264.9
11131,2024-06-14 09:21:00,265.0,265.05,263.35,263.4
11132,2024-06-14 09:24:00,263.45,263.6,263.1,263.35
11133,2024-06-14 09:27:00,263.4,264.3,263.3,264.1
11134,2024-06-14 09:30:00,264.2,265.35,264.05,264.6
11135,2024-06-14 09:33:00,264.5,265.15,264.4,265.15
11136,2024-06-14 09:36:00,265.1,265.95,265.1,265.75
11137,2024-06-14 09:39:00,265.7,265.9,265.4,265.85
11138,2024-06-14 09:42:00,265.9,267.45,265.8,267.4
11139,2024-06-14 09:45:00,267.45,268.45,267.05,268.25
11140,2024-06-14 09:48:00,268.2,268.7,267.85,267.9
11141,2024-06-14 09:51:00,268.0,268.3,267.45,267.45
11142,2024-06-14 09:54:00,267.6,267.9,267.4,267.65
11143,2024-06-14 09:57:00,267.75,268.0,267.6,267.7
11144,2024-06-14 10:00:00,267.8,267.8,266.75,267.0
11145,2024-06-14 10:03:00,267.1,267.1,266.55,266.65
11146,2024-06-14 10:06:00,266.7,266.95,266.65,266.95
11147,2024-06-14 10:09:00,266.9,266.95,266.5,266.65
11148,2024-06-14 10:12:00,266.55,266.8,266.35,266.5
11149,2024-06-14 10:15:00,266.4,267.0,266.4,266.9
11150,2024-06-14 10:18:00,266.95,267.1,266.7,267.0
11151,2024-06-14 10:21:00,266.95,267.15,266.95,267.0
11152,2024-06-14 10:24:00,267.1,267.1,266.8,266.8
11153,2024-06-14 10:27:00,266.9,266.9,266.5,266.65
11154,2024-06-14 10:30:00,266.55,266.7,266.5,266.7
11155,2024-06-14 10:33:00,266.6,267.0,266.6,266.95
11156,2024-06-14 10:36:00,266.85,267.1,266.75,267.0
11157,2024-06-14 10:39:00,266.95,267.25,266.9,267.25
11158,2024-06-14 10:42:00,267.1,267.3,266.9,266.95
11159,2024-06-14 10:45:00,267.0,267.15,266.9,267.05
11160,2024-06-14 10:48:00,267.1,267.2,266.95,267.15
11161,2024-06-14 10:51:00,267.05,267.15,266.6,266.8
11162,2024-06-14 10:54:00,266.75,266.9,266.55,266.65
11163,2024-06-14 10:57:00,266.75,266.8,266.5,266.7
11164,2024-06-14 11:00:00,266.8,266.85,266.55,266.7
11165,2024-06-14 11:03:00,266.55,266.75,266.5,266.55
11166,2024-06-14 11:06:00,266.65,266.65,266.3,266.4
11167,2024-06-14 11:09:00,266.45,266.55,266.3,266.35
11168,2024-06-14 11:12:00,266.4,266.4,266.0,266.4
11169,2024-06-14 11:15:00,266.3,266.4,266.1,266.1
11170,2024-06-14 11:18:00,266.15,266.2,265.9,266.0
11171,2024-06-14 11:21:00,265.9,266.0,265.7,265.85
11172,2024-06-14 11:24:00,265.7,265.9,265.65,265.7
11173,2024-06-14 11:27:00,265.9,266.6,265.7,266.45
11174,2024-06-14 11:30:00,266.5,266.75,266.35,266.65
11175,2024-06-14 11:33:00,266.8,266.9,266.65,266.7
11176,2024-06-14 11:36:00,266.9,267.15,266.65,267.0
11177,2024-06-14 11:39:00,266.85,267.0,266.65,266.9
11178,2024-06-14 11:42:00,266.75,266.95,266.7,266.95
11179,2024-06-14 11:45:00,266.9,267.0,266.7,267.0
11180,2024-06-14 11:48:00,266.9,267.0,266.75,266.95
11181,2024-06-14 11:51:00,267.0,267.0,266.7,266.85
11182,2024-06-14 11:54:00,266.8,266.9,266.55,266.65
11183,2024-06-14 11:57:00,266.55,266.65,265.95,266.4
11184,2024-06-14 12:00:00,266.3,266.4,266.15,266.3
11185,2024-06-14 12:03:00,266.4,266.5,266.3,266.5
11186,2024-06-14 12:06:00,266.55,266.55,266.3,266.3
11187,2024-06-14 12:09:00,266.4,266.5,266.2,266.35
11188,2024-06-14 12:12:00,266.3,267.55,266.25,267.35
11189,2024-06-14 12:15:00,267.5,267.5,266.65,266.8
11190,2024-06-14 12:18:00,266.75,267.0,266.65,266.75
11191,2024-06-14 12:21:00,266.85,266.85,266.2,266.45
11192,2024-06-14 12:24:00,266.5,266.65,266.25,266.5
11193,2024-06-14 12:27:00,266.65,266.9,266.55,266.8
11194,2024-06-14 12:30:00,266.9,266.95,266.65,266.8
11195,2024-06-14 12:33:00,266.7,266.8,266.5,266.7
11196,2024-06-14 12:36:00,266.6,266.75,266.25,266.7
11197,2024-06-14 12:39:00,266.6,266.8,266.5,266.75
11198,2024-06-14 12:42:00,266.7,266.75,266.5,266.65
11199,2024-06-14 12:45:00,266.6,266.7,266.5,266.6
11200,2024-06-14 12:48:00,266.7,267.0,266.6,267.0
11201,2024-06-14 12:51:00,266.95,267.15,266.85,266.95
11202,2024-06-14 12:54:00,267.0,267.15,266.9,267.1
11203,2024-06-14 12:57:00,267.15,267.25,266.9,267.0
11204,2024-06-14 13:00:00,266.9,267.05,266.85,266.95
11205,2024-06-14 13:03:00,266.85,266.95,266.6,266.6
11206,2024-06-14 13:06:00,266.75,267.0,266.55,266.75
11207,2024-06-14 13:09:00,266.65,266.8,266.6,266.7
11208,2024-06-14 13:12:00,266.75,267.0,266.7,266.85
11209,2024-06-14 13:15:00,266.75,266.95,266.7,266.85
11210,2024-06-14 13:18:00,266.95,266.95,266.6,266.75
11211,2024-06-14 13:21:00,266.7,266.8,266.5,266.7
11212,2024-06-14 13:24:00,266.55,266.75,266.5,266.5
11213,2024-06-14 13:27:00,266.65,266.7,266.5,266.55
11214,2024-06-14 13:30:00,266.7,266.7,266.5,266.65
11215,2024-06-14 13:33:00,266.5,266.7,266.45,266.5
11216,2024-06-14 13:36:00,266.6,266.6,266.4,266.5
11217,2024-06-14 13:39:00,266.4,266.6,266.4,266.55
11218,2024-06-14 13:42:00,266.5,266.6,266.2,266.2
11219,2024-06-14 13:45:00,266.35,266.5,266.15,266.4
11220,2024-06-14 13:48:00,266.25,266.4,266.15,266.25
11221,2024-06-14 13:51:00,266.4,266.55,266.15,266.15
11222,2024-06-14 13:54:00,266.25,266.25,265.55,265.85
11223,2024-06-14 13:57:00,265.8,266.15,265.8,266.0
11224,2024-06-14 14:00:00,266.05,266.45,265.85,266.45
11225,2024-06-14 14:03:00,266.3,267.0,266.2,267.0
11226,2024-06-14 14:06:00,266.85,267.8,266.85,267.2
11227,2024-06-14 14:09:00,267.1,267.5,267.0,267.3
11228,2024-06-14 14:12:00,267.45,267.45,267.05,267.15
11229,2024-06-14 14:15:00,267.3,267.3,266.8,267.0
11230,2024-06-14 14:18:00,266.9,267.15,266.85,267.05
11231,2024-06-14 14:21:00,267.0,267.1,266.6,267.1
11232,2024-06-14 14:24:00,267.15,267.25,267.0,267.1
11233,2024-06-14 14:27:00,267.05,267.15,266.75,266.75
11234,2024-06-14 14:30:00,266.7,267.1,266.7,266.95
11235,2024-06-14 14:33:00,266.9,267.35,266.9,267.05
11236,2024-06-14 14:36:00,267.1,267.4,266.9,267.3
11237,2024-06-14 14:39:00,267.25,267.4,267.0,267.15
11238,2024-06-14 14:42:00,267.1,267.2,266.8,266.85
11239,2024-06-14 14:45:00,267.0,267.1,266.7,266.75
11240,2024-06-14 14:48:00,266.95,267.0,266.75,266.95
11241,2024-06-14 14:51:00,266.85,267.0,266.7,267.0
11242,2024-06-14 14:54:00,266.95,267.5,266.85,267.45
11243,2024-06-14 14:57:00,267.5,267.95,267.25,267.6
11244,2024-06-14 15:00:00,267.65,268.3,267.6,268.2
11245,2024-06-14 15:03:00,268.1,268.2,267.55,267.65
11246,2024-06-14 15:06:00,267.7,267.8,267.45,267.55
11247,2024-06-14 15:09:00,267.5,267.6,267.3,267.4
11248,2024-06-14 15:12:00,267.35,267.4,267.1,267.2
11249,2024-06-14 15:15:00,267.25,267.4,267.05,267.25
11250,2024-06-14 15:18:00,267.2,267.4,267.2,267.3
11251,2024-06-14 15:21:00,267.35,267.4,267.1,267.2
11252,2024-06-14 15:24:00,267.15,267.2,266.75,267.0
11253,2024-06-14 15:27:00,266.85,268.6,266.5,268.6
11254,2024-06-18 09:15:00,268.4,270.3,268.4,269.95
11255,2024-06-18 09:18:00,269.8,270.7,269.65,270.2
11256,2024-06-18 09:21:00,270.1,270.25,269.3,269.5
11257,2024-06-18 09:24:00,269.4,270.85,269.3,270.15
11258,2024-06-18 09:27:00,270.2,270.7,270.0,270.15
11259,2024-06-18 09:30:00,270.25,270.55,269.8,269.9
11260,2024-06-18 09:33:00,269.95,270.0,269.55,269.8
11261,2024-06-18 09:36:00,269.7,269.8,269.2,269.4
11262,2024-06-18 09:39:00,269.55,269.65,269.05,269.2
11263,2024-06-18 09:42:00,269.15,269.25,268.7,268.85
11264,2024-06-18 09:45:00,268.75,269.6,268.75,269.35
11265,2024-06-18 09:48:00,269.4,269.45,269.0,269.2
11266,2024-06-18 09:51:00,269.25,269.4,268.8,268.9
11267,2024-06-18 09:54:00,268.95,268.95,268.3,268.45
11268,2024-06-18 09:57:00,268.6,268.6,268.0,268.1
11269,2024-06-18 10:00:00,268.25,268.3,267.6,267.6
11270,2024-06-18 10:03:00,267.5,268.3,267.5,268.3
11271,2024-06-18 10:06:00,268.2,268.25,267.7,267.75
11272,2024-06-18 10:09:00,267.6,267.75,267.0,267.15
11273,2024-06-18 10:12:00,267.1,267.2,266.45,266.45
11274,2024-06-18 10:15:00,266.5,267.3,266.25,267.05
11275,2024-06-18 10:18:00,267.0,267.05,266.1,266.25
11276,2024-06-18 10:21:00,266.15,266.55,266.0,266.35
11277,2024-06-18 10:24:00,266.5,266.5,265.4,265.75
11278,2024-06-18 10:27:00,265.9,266.55,265.75,266.5
11279,2024-06-18 10:30:00,266.45,267.1,266.45,267.0
11280,2024-06-18 10:33:00,266.85,267.0,265.9,266.2
11281,2024-06-18 10:36:00,266.15,266.2,265.75,266.0
11282,2024-06-18 10:39:00,265.9,266.05,265.7,265.85
11283,2024-06-18 10:42:00,265.9,266.0,265.75,265.9
11284,2024-06-18 10:45:00,265.8,266.0,265.65,265.9
11285,2024-06-18 10:48:00,265.85,266.45,265.85,266.15
11286,2024-06-18 10:51:00,266.05,266.2,266.0,266.1
11287,2024-06-18 10:54:00,266.05,266.15,265.8,266.0
11288,2024-06-18 10:57:00,265.9,266.1,265.7,265.8
11289,2024-06-18 11:00:00,265.95,266.05,265.7,266.05
11290,2024-06-18 11:03:00,266.0,266.2,265.8,266.2
11291,2024-06-18 11:06:00,266.35,266.5,265.85,265.9
11292,2024-06-18 11:09:00,266.0,266.65,265.85,266.4
11293,2024-06-18 11:12:00,266.45,267.3,266.2,266.75
11294,2024-06-18 11:15:00,266.6,267.0,266.6,266.8
11295,2024-06-18 11:18:00,266.75,266.8,266.35,266.7
11296,2024-06-18 11:21:00,266.75,266.8,266.45,266.7
11297,2024-06-18 11:24:00,266.55,266.65,266.25,266.45
11298,2024-06-18 11:27:00,266.5,266.7,266.3,266.7
11299,2024-06-18 11:30:00,266.65,266.7,266.25,266.5
11300,2024-06-18 11:33:00,266.45,266.85,266.4,266.55
11301,2024-06-18 11:36:00,266.5,266.65,266.25,266.4
11302,2024-06-18 11:39:00,266.45,266.5,266.25,266.3
11303,2024-06-18 11:42:00,266.35,266.5,266.05,266.35
11304,2024-06-18 11:45:00,266.25,266.4,266.05,266.25
11305,2024-06-18 11:48:00,266.2,266.45,265.85,266.4
11306,2024-06-18 11:51:00,266.5,266.7,266.2,266.3
11307,2024-06-18 11:54:00,266.45,266.5,266.2,266.45
11308,2024-06-18 11:57:00,266.35,266.65,266.1,266.5
11309,2024-06-18 12:00:00,266.55,266.6,266.35,266.5
11310,2024-06-18 12:03:00,266.45,266.6,266.25,266.6
11311,2024-06-18 12:06:00,266.4,266.65,266.35,266.6
11312,2024-06-18 12:09:00,266.65,267.3,266.35,267.3
11313,2024-06-18 12:12:00,267.4,267.4,266.7,266.8
11314,2024-06-18 12:15:00,266.9,267.15,266.7,267.05
11315,2024-06-18 12:18:00,267.1,267.4,267.0,267.4
11316,2024-06-18 12:21:00,267.25,267.45,267.0,267.2
11317,2024-06-18 12:24:00,267.15,267.15,266.5,266.85
11318,2024-06-18 12:27:00,266.65,266.8,266.5,266.6
11319,2024-06-18 12:30:00,266.55,266.8,266.35,266.7
11320,2024-06-18 12:33:00,266.65,267.0,266.55,267.0
11321,2024-06-18 12:36:00,266.95,267.25,266.9,267.2
11322,2024-06-18 12:39:00,267.25,267.35,267.1,267.35
11323,2024-06-18 12:42:00,267.2,267.35,266.85,266.95
11324,2024-06-18 12:45:00,266.85,267.15,266.5,266.65
11325,2024-06-18 12:48:00,266.7,266.85,266.5,266.85
11326,2024-06-18 12:51:00,266.9,266.95,266.5,266.75
11327,2024-06-18 12:54:00,266.7,266.95,266.55,266.75
11328,2024-06-18 12:57:00,266.55,266.85,266.5,266.7
11329,2024-06-18 13:00:00,266.55,266.8,266.5,266.7
11330,2024-06-18 13:03:00,266.6,266.75,266.5,266.6
11331,2024-06-18 13:06:00,266.75,266.75,266.35,266.45
11332,2024-06-18 13:09:00,266.35,266.45,266.15,266.25
11333,2024-06-18 13:12:00,266.4,266.7,266.25,266.4
11334,2024-06-18 13:15:00,266.5,266.7,266.35,266.4
11335,2024-06-18 13:18:00,266.55,266.6,266.3,266.5
11336,2024-06-18 13:21:00,266.35,266.5,266.25,266.35
11337,2024-06-18 13:24:00,266.25,266.35,265.8,266.2
11338,2024-06-18 13:27:00,266.05,266.4,266.05,266.35
11339,2024-06-18 13:30:00,266.3,266.5,266.15,266.3
11340,2024-06-18 13:33:00,266.2,266.25,265.9,265.9
11341,2024-06-18 13:36:00,266.0,266.1,265.65,265.75
11342,2024-06-18 13:39:00,265.85,265.9,265.65,265.7
11343,2024-06-18 13:42:00,265.8,265.95,265.5,265.65
11344,2024-06-18 13:45:00,265.8,265.8,265.5,265.65
11345,2024-06-18 13:48:00,265.55,265.7,265.5,265.7
11346,2024-06-18 13:51:00,265.6,265.7,265.4,265.65
11347,2024-06-18 13:54:00,265.55,265.65,265.4,265.55
11348,2024-06-18 13:57:00,265.45,266.0,265.4,265.95
11349,2024-06-18 14:00:00,265.8,265.95,265.6,265.9
11350,2024-06-18 14:03:00,265.8,265.95,265.7,265.85
11351,2024-06-18 14:06:00,265.8,265.95,265.7,265.85
11352,2024-06-18 14:09:00,265.7,265.9,265.7,265.75
11353,2024-06-18 14:12:00,265.8,265.9,265.65,265.7
11354,2024-06-18 14:15:00,265.65,265.75,265.4,265.55
11355,2024-06-18 14:18:00,265.6,265.8,265.55,265.75
11356,2024-06-18 14:21:00,265.6,266.3,265.6,266.3
11357,2024-06-18 14:24:00,266.4,266.6,266.15,266.5
11358,2024-06-18 14:27:00,266.45,266.5,266.25,266.4
11359,2024-06-18 14:30:00,266.3,266.45,266.0,266.1
11360,2024-06-18 14:33:00,266.0,266.15,265.9,266.15
11361,2024-06-18 14:36:00,266.1,266.2,266.0,266.15
11362,2024-06-18 14:39:00,266.2,266.2,265.75,266.0
11363,2024-06-18 14:42:00,266.15,266.15,265.95,266.0
11364,2024-06-18 14:45:00,266.1,266.15,265.9,265.9
11365,2024-06-18 14:48:00,266.0,266.0,265.75,265.75
11366,2024-06-18 14:51:00,265.9,266.0,265.75,265.9
11367,2024-06-18 14:54:00,265.85,266.0,265.75,265.75
11368,2024-06-18 14:57:00,265.9,266.0,265.7,265.75
11369,2024-06-18 15:00:00,265.95,266.4,265.95,266.4
11370,2024-06-18 15:03:00,266.35,266.5,266.0,266.1
11371,2024-06-18 15:06:00,266.05,266.15,265.7,265.8
11372,2024-06-18 15:09:00,265.7,265.9,265.6,265.8
11373,2024-06-18 15:12:00,265.75,265.85,265.6,265.75
11374,2024-06-18 15:15:00,265.8,266.05,265.55,265.9
11375,2024-06-18 15:18:00,265.8,265.95,265.6,265.6
11376,2024-06-18 15:21:00,265.8,266.25,265.75,266.15
11377,2024-06-18 15:24:00,266.05,266.4,265.9,266.25
11378,2024-06-18 15:27:00,266.15,266.5,266.1,266.3
11379,2024-06-19 09:15:00,267.0,268.05,266.9,267.85
11380,2024-06-19 09:18:00,267.75,267.9,266.5,266.9
11381,2024-06-19 09:21:00,266.75,267.75,266.7,267.35
11382,2024-06-19 09:24:00,267.15,267.4,265.8,265.95
11383,2024-06-19 09:27:00,266.0,266.25,264.95,265.0
11384,2024-06-19 09:30:00,265.1,265.6,263.8,264.85
11385,2024-06-19 09:33:00,265.05,266.85,264.9,266.05
11386,2024-06-19 09:36:00,265.85,266.5,265.35,265.5
11387,2024-06-19 09:39:00,265.35,265.5,264.45,264.5
11388,2024-06-19 09:42:00,264.45,265.4,263.7,265.0
11389,2024-06-19 09:45:00,265.15,265.35,264.35,265.0
11390,2024-06-19 09:48:00,264.9,265.5,264.55,265.4
11391,2024-06-19 09:51:00,265.25,265.6,264.85,265.1
11392,2024-06-19 09:54:00,265.05,265.6,265.05,265.35
11393,2024-06-19 09:57:00,265.45,265.45,264.95,265.05
11394,2024-06-19 10:00:00,265.15,265.7,264.8,265.35
11395,2024-06-19 10:03:00,265.45,265.6,265.1,265.2
11396,2024-06-19 10:06:00,265.25,265.3,264.5,264.85
11397,2024-06-19 10:09:00,264.7,265.4,264.65,265.0
11398,2024-06-19 10:12:00,265.05,265.05,263.55,263.55
11399,2024-06-19 10:15:00,263.75,263.75,262.75,263.75
11400,2024-06-19 10:18:00,263.7,264.2,263.55,263.8
11401,2024-06-19 10:21:00,264.0,264.0,262.9,262.95
11402,2024-06-19 10:24:00,263.05,263.05,262.35,262.8
11403,2024-06-19 10:27:00,262.75,263.1,261.9,262.0
11404,2024-06-19 10:30:00,261.9,262.05,261.2,261.9
11405,2024-06-19 10:33:00,261.95,263.05,261.8,262.5
11406,2024-06-19 10:36:00,262.6,262.6,261.9,262.05
11407,2024-06-19 10:39:00,261.9,262.05,261.25,261.75
11408,2024-06-19 10:42:00,261.8,262.2,261.75,261.9
11409,2024-06-19 10:45:00,261.75,261.9,261.1,261.1
11410,2024-06-19 10:48:00,261.15,261.25,260.65,260.9
11411,2024-06-19 10:51:00,260.8,261.65,260.75,261.6
11412,2024-06-19 10:54:00,261.5,261.9,260.8,261.85
11413,2024-06-19 10:57:00,261.9,262.95,261.55,262.9
11414,2024-06-19 11:00:00,262.75,262.9,262.15,262.25
11415,2024-06-19 11:03:00,262.05,262.5,262.0,262.2
11416,2024-06-19 11:06:00,262.25,262.35,261.7,261.95
11417,2024-06-19 11:09:00,262.0,262.25,261.6,262.25
11418,2024-06-19 11:12:00,262.1,262.6,262.05,262.6
11419,2024-06-19 11:15:00,262.45,262.9,262.35,262.8
11420,2024-06-19 11:18:00,262.85,263.3,262.8,262.95
11421,2024-06-19 11:21:00,263.0,263.0,262.4,262.6
11422,2024-06-19 11:24:00,262.45,262.9,262.3,262.6
11423,2024-06-19 11:27:00,262.75,262.75,262.5,262.55
11424,2024-06-19 11:30:00,262.65,262.75,262.35,262.45
11425,2024-06-19 11:33:00,262.4,262.55,262.15,262.3
11426,2024-06-19 11:36:00,262.45,262.85,262.1,262.85
11427,2024-06-19 11:39:00,262.75,263.15,262.5,263.15
11428,2024-06-19 11:42:00,263.0,263.8,262.9,263.6
11429,2024-06-19 11:45:00,263.65,263.65,263.15,263.65
11430,2024-06-19 11:48:00,263.5,263.65,263.4,263.4
11431,2024-06-19 11:51:00,263.5,263.5,263.15,263.45
11432,2024-06-19 11:54:00,263.3,263.75,263.25,263.55
11433,2024-06-19 11:57:00,263.4,263.5,263.15,263.35
11434,2024-06-19 12:00:00,263.45,263.45,263.25,263.45
11435,2024-06-19 12:03:00,263.3,263.45,263.0,263.0
11436,2024-06-19 12:06:00,263.15,263.75,263.0,263.75
11437,2024-06-19 12:09:00,263.6,263.85,263.6,263.85
11438,2024-06-19 12:12:00,263.8,264.2,263.8,264.05
11439,2024-06-19 12:15:00,264.0,264.35,263.9,264.05
11440,2024-06-19 12:18:00,264.0,264.2,263.75,264.0
11441,2024-06-19 12:21:00,263.95,264.35,263.95,264.25
11442,2024-06-19 12:24:00,264.2,264.4,264.2,264.2
11443,2024-06-19 12:27:00,264.3,264.45,264.1,264.25
11444,2024-06-19 12:30:00,264.1,264.4,264.05,264.25
11445,2024-06-19 12:33:00,264.1,264.35,264.05,264.3
11446,2024-06-19 12:36:00,264.15,264.3,264.05,264.25
11447,2024-06-19 12:39:00,264.2,264.4,264.2,264.25
11448,2024-06-19 12:42:00,264.35,264.45,264.1,264.1
11449,2024-06-19 12:45:00,264.0,264.1,263.55,263.65
11450,2024-06-19 12:48:00,263.55,263.75,263.4,263.55
11451,2024-06-19 12:51:00,263.4,263.7,263.4,263.7
11452,2024-06-19 12:54:00,263.55,263.85,263.55,263.65
11453,2024-06-19 12:57:00,263.55,263.8,263.1,263.3
11454,2024-06-19 13:00:00,263.15,263.8,263.15,263.8
11455,2024-06-19 13:03:00,263.65,263.8,263.55,263.7
11456,2024-06-19 13:06:00,263.75,263.75,263.3,263.5
11457,2024-06-19 13:09:00,263.3,263.4,263.05,263.3
11458,2024-06-19 13:12:00,263.15,263.45,263.1,263.35
11459,2024-06-19 13:15:00,263.25,263.45,263.15,263.25
11460,2024-06-19 13:18:00,263.2,263.35,263.0,263.35
11461,2024-06-19 13:21:00,263.25,263.7,263.1,263.6
11462,2024-06-19 13:24:00,263.55,263.65,263.1,263.45
11463,2024-06-19 13:27:00,263.35,263.9,263.35,263.9
11464,2024-06-19 13:30:00,263.75,264.35,263.75,264.0
11465,2024-06-19 13:33:00,264.2,264.2,263.9,264.0
11466,2024-06-19 13:36:00,264.1,264.1,263.6,263.75
11467,2024-06-19 13:39:00,263.8,264.25,263.75,264.25
11468,2024-06-19 13:42:00,263.9,264.25,263.9,264.15
11469,2024-06-19 13:45:00,264.05,264.1,263.6,263.6
11470,2024-06-19 13:48:00,263.55,263.95,263.5,263.75
11471,2024-06-19 13:51:00,263.85,263.95,263.55,263.75
11472,2024-06-19 13:54:00,263.8,264.3,263.65,264.1
11473,2024-06-19 13:57:00,264.15,264.95,264.15,264.7
11474,2024-06-19 14:00:00,264.85,265.0,264.25,264.4
11475,2024-06-19 14:03:00,264.35,264.4,263.8,263.9
11476,2024-06-19 14:06:00,263.85,264.0,263.45,263.75
11477,2024-06-19 14:09:00,263.95,264.0,263.65,263.95
11478,2024-06-19 14:12:00,263.8,264.0,263.6,263.7
11479,2024-06-19 14:15:00,263.75,263.8,263.45,263.65
11480,2024-06-19 14:18:00,263.55,264.1,263.5,264.1
11481,2024-06-19 14:21:00,264.15,264.2,263.8,263.95
11482,2024-06-19 14:24:00,263.9,264.05,263.5,263.75
11483,2024-06-19 14:27:00,263.8,263.8,263.5,263.65
11484,2024-06-19 14:30:00,263.7,264.1,263.55,264.0
11485,2024-06-19 14:33:00,264.05,264.1,263.75,264.0
11486,2024-06-19 14:36:00,263.9,264.1,263.6,263.7
11487,2024-06-19 14:39:00,263.65,263.8,263.4,263.5
11488,2024-06-19 14:42:00,263.45,263.5,263.1,263.15
11489,2024-06-19 14:45:00,263.3,263.7,263.2,263.65
11490,2024-06-19 14:48:00,263.7,263.75,263.05,263.1
11491,2024-06-19 14:51:00,263.2,263.5,263.05,263.1
11492,2024-06-19 14:54:00,263.05,263.1,262.6,262.75
11493,2024-06-19 14:57:00,262.6,263.05,262.5,262.9
11494,2024-06-19 15:00:00,262.95,263.3,262.8,263.2
11495,2024-06-19 15:03:00,263.3,263.3,262.5,262.65
11496,2024-06-19 15:06:00,262.6,262.7,262.0,262.1
11497,2024-06-19 15:09:00,262.15,262.3,261.8,262.25
11498,2024-06-19 15:12:00,262.3,262.3,261.8,262.0
11499,2024-06-19 15:15:00,261.95,262.2,261.7,261.9
11500,2024-06-19 15:18:00,261.95,262.0,261.5,261.85
11501,2024-06-19 15:21:00,261.8,262.35,261.7,262.1
11502,2024-06-19 15:24:00,262.05,262.3,261.65,261.85
11503,2024-06-19 15:27:00,261.8,262.45,261.35,262.2
11504,2024-06-20 09:15:00,262.2,262.9,260.65,261.15
11505,2024-06-20 09:18:00,261.0,261.5,259.3,259.6
11506,2024-06-20 09:21:00,260.0,262.5,259.85,261.55
11507,2024-06-20 09:24:00,261.35,264.4,261.25,263.95
11508,2024-06-20 09:27:00,264.0,264.45,263.4,263.75
11509,2024-06-20 09:30:00,263.7,264.65,263.65,264.3
11510,2024-06-20 09:33:00,264.4,264.6,264.05,264.25
11511,2024-06-20 09:36:00,264.3,264.8,264.25,264.7
11512,2024-06-20 09:39:00,264.75,266.4,264.7,265.95
11513,2024-06-20 09:42:00,266.0,266.25,265.7,265.85
11514,2024-06-20 09:45:00,265.7,265.9,265.1,265.3
11515,2024-06-20 09:48:00,265.15,265.4,264.65,264.7
11516,2024-06-20 09:51:00,264.75,266.5,264.65,266.05
11517,2024-06-20 09:54:00,266.25,267.1,265.9,266.2
11518,2024-06-20 09:57:00,266.25,267.0,266.1,266.95
11519,2024-06-20 10:00:00,266.8,267.3,266.65,267.15
11520,2024-06-20 10:03:00,267.0,267.15,266.45,266.5
11521,2024-06-20 10:06:00,266.55,267.3,266.55,267.2
11522,2024-06-20 10:09:00,267.1,267.85,267.1,267.75
11523,2024-06-20 10:12:00,267.8,268.2,267.75,268.0
11524,2024-06-20 10:15:00,268.15,269.35,268.05,269.1
11525,2024-06-20 10:18:00,269.25,269.4,268.85,269.15
11526,2024-06-20 10:21:00,269.1,269.2,268.85,269.15
11527,2024-06-20 10:24:00,269.2,269.2,268.8,268.95
11528,2024-06-20 10:27:00,269.0,269.0,268.75,268.95
11529,2024-06-20 10:30:00,268.85,269.1,268.5,268.5
11530,2024-06-20 10:33:00,268.6,268.6,268.05,268.55
11531,2024-06-20 10:36:00,268.65,268.85,268.5,268.65
11532,2024-06-20 10:39:00,268.8,269.2,268.6,269.2
11533,2024-06-20 10:42:00,269.1,269.9,269.1,269.4
11534,2024-06-20 10:45:00,269.45,270.4,269.35,269.8
11535,2024-06-20 10:48:00,270.0,270.0,268.8,268.8
11536,2024-06-20 10:51:00,268.9,269.95,268.55,269.7
11537,2024-06-20 10:54:00,269.6,271.25,269.6,271.2
11538,2024-06-20 10:57:00,271.15,271.9,271.05,271.8
11539,2024-06-20 11:00:00,272.0,272.5,271.75,272.2
11540,2024-06-20 11:03:00,272.25,272.5,271.7,272.3
11541,2024-06-20 11:06:00,272.2,272.7,272.05,272.4
11542,2024-06-20 11:09:00,272.45,272.8,272.0,272.5
11543,2024-06-20 11:12:00,272.55,272.6,271.5,271.6
11544,2024-06-20 11:15:00,271.8,272.9,271.5,272.9
11545,2024-06-20 11:18:00,272.75,273.1,272.5,272.8
11546,2024-06-20 11:21:00,272.9,273.0,272.7,272.85
11547,2024-06-20 11:24:00,272.7,272.9,272.5,272.9
11548,2024-06-20 11:27:00,272.75,273.0,272.5,272.5
11549,2024-06-20 11:30:00,272.25,272.85,272.25,272.6
11550,2024-06-20 11:33:00,272.7,272.95,272.1,272.3
11551,2024-06-20 11:36:00,272.35,272.4,271.9,272.2
11552,2024-06-20 11:39:00,272.0,272.85,272.0,272.8
11553,2024-06-20 11:42:00,272.75,272.95,272.6,272.65
11554,2024-06-20 11:45:00,272.7,273.45,272.55,273.45
11555,2024-06-20 11:48:00,273.4,274.0,273.35,273.8
11556,2024-06-20 11:51:00,273.9,274.2,273.55,274.0
11557,2024-06-20 11:54:00,273.9,275.55,273.9,275.25
11558,2024-06-20 11:57:00,275.4,275.4,274.5,275.0
11559,2024-06-20 12:00:00,274.9,275.25,274.6,274.6
11560,2024-06-20 12:03:00,274.65,274.9,273.85,274.85
11561,2024-06-20 12:06:00,274.8,275.3,274.65,275.1
11562,2024-06-20 12:09:00,275.2,275.5,274.8,275.0
11563,2024-06-20 12:12:00,275.05,275.05,274.35,274.65
11564,2024-06-20 12:15:00,274.6,274.7,274.0,274.0
11565,2024-06-20 12:18:00,274.1,274.5,273.95,274.5
11566,2024-06-20 12:21:00,274.4,274.6,274.0,274.0
11567,2024-06-20 12:24:00,274.1,274.2,273.9,274.05
11568,2024-06-20 12:27:00,273.95,274.1,273.55,273.55
11569,2024-06-20 12:30:00,273.65,273.75,273.15,273.45
11570,2024-06-20 12:33:00,273.4,274.1,273.4,274.1
11571,2024-06-20 12:36:00,274.0,274.5,274.0,274.35
11572,2024-06-20 12:39:00,274.2,274.2,273.2,273.7
11573,2024-06-20 12:42:00,273.75,274.0,273.3,273.5
11574,2024-06-20 12:45:00,273.6,273.6,272.9,272.9
11575,2024-06-20 12:48:00,272.95,273.4,272.85,273.2
11576,2024-06-20 12:51:00,273.25,273.25,272.85,273.0
11577,2024-06-20 12:54:00,272.9,273.2,272.85,273.1
11578,2024-06-20 12:57:00,273.0,273.15,272.8,272.95
11579,2024-06-20 13:00:00,272.9,273.5,272.8,273.5
11580,2024-06-20 13:03:00,273.35,273.9,273.35,273.7
11581,2024-06-20 13:06:00,273.85,274.1,273.7,274.05
11582,2024-06-20 13:09:00,274.0,274.1,273.4,273.6
11583,2024-06-20 13:12:00,273.55,273.6,273.15,273.5
11584,2024-06-20 13:15:00,273.45,273.7,273.3,273.5
11585,2024-06-20 13:18:00,273.35,273.85,273.3,273.8
11586,2024-06-20 13:21:00,273.85,273.9,273.45,273.85
11587,2024-06-20 13:24:00,273.75,273.85,273.55,273.7
11588,2024-06-20 13:27:00,273.6,273.75,273.0,273.15
11589,2024-06-20 13:30:00,273.1,273.7,273.0,273.65
11590,2024-06-20 13:33:00,273.5,273.65,272.6,272.65
11591,2024-06-20 13:36:00,272.7,273.0,272.4,273.0
11592,2024-06-20 13:39:00,272.9,273.25,272.7,273.15
11593,2024-06-20 13:42:00,273.25,273.35,273.0,273.15
11594,2024-06-20 13:45:00,273.0,273.15,272.1,272.1
11595,2024-06-20 13:48:00,272.25,273.0,272.0,272.6
11596,2024-06-20 13:51:00,272.55,272.6,271.8,271.8
11597,2024-06-20 13:54:00,271.85,272.2,271.7,271.9
11598,2024-06-20 13:57:00,272.0,272.15,271.5,271.6
11599,2024-06-20 14:00:00,271.65,271.75,271.2,271.65
11600,2024-06-20 14:03:00,271.7,272.15,271.55,271.85
11601,2024-06-20 14:06:00,271.75,272.05,271.7,271.95
11602,2024-06-20 14:09:00,271.85,272.0,271.5,271.85
11603,2024-06-20 14:12:00,271.7,272.65,271.65,272.65
11604,2024-06-20 14:15:00,272.5,272.65,271.7,271.75
11605,2024-06-20 14:18:00,271.8,271.95,271.7,271.95
11606,2024-06-20 14:21:00,271.8,271.95,271.6,271.8
11607,2024-06-20 14:24:00,271.9,272.0,271.5,271.75
11608,2024-06-20 14:27:00,271.6,272.0,271.5,271.8
11609,2024-06-20 14:30:00,271.7,272.35,271.65,271.95
11610,2024-06-20 14:33:00,271.9,272.45,271.85,272.45
11611,2024-06-20 14:36:00,272.4,273.35,272.35,273.0
11612,2024-06-20 14:39:00,272.9,273.25,272.7,273.25
11613,2024-06-20 14:42:00,273.05,273.35,272.8,273.1
11614,2024-06-20 14:45:00,273.2,273.3,272.95,273.0
11615,2024-06-20 14:48:00,273.1,273.25,272.35,272.35
11616,2024-06-20 14:51:00,272.4,272.95,272.3,272.75
11617,2024-06-20 14:54:00,272.9,272.9,272.55,272.7
11618,2024-06-20 14:57:00,272.6,273.0,272.6,272.75
11619,2024-06-20 15:00:00,272.7,273.25,272.7,273.25
11620,2024-06-20 15:03:00,273.2,273.35,272.75,272.95
11621,2024-06-20 15:06:00,272.9,273.0,272.55,272.6
11622,2024-06-20 15:09:00,272.7,272.8,272.45,272.75
11623,2024-06-20 15:12:00,272.8,273.15,272.65,273.1
11624,2024-06-20 15:15:00,273.15,273.75,273.05,273.65
11625,2024-06-20 15:18:00,273.6,273.85,273.5,273.7
11626,2024-06-20 15:21:00,273.8,273.85,273.45,273.55
11627,2024-06-20 15:24:00,273.5,273.6,273.25,273.4
11628,2024-06-20 15:27:00,273.45,273.5,273.0,273.5
11629,2024-06-21 09:15:00,275.05,275.2,272.05,272.3
11630,2024-06-21 09:18:00,272.35,272.35,271.2,271.6
11631,2024-06-21 09:21:00,271.7,271.9,270.25,271.5
11632,2024-06-21 09:24:00,271.6,272.2,270.55,271.0
11633,2024-06-21 09:27:00,271.1,272.5,270.6,272.5
11634,2024-06-21 09:30:00,272.7,273.25,272.35,272.75
11635,2024-06-21 09:33:00,272.55,272.85,271.9,272.3
11636,2024-06-21 09:36:00,272.45,273.35,272.0,273.35
11637,2024-06-21 09:39:00,273.45,274.0,272.75,273.95
11638,2024-06-21 09:42:00,274.0,274.7,273.5,273.6
11639,2024-06-21 09:45:00,273.5,274.05,273.1,274.0
11640,2024-06-21 09:48:00,274.35,274.5,273.8,274.0
11641,2024-06-21 09:51:00,274.15,274.7,273.95,274.5
11642,2024-06-21 09:54:00,274.45,275.0,274.2,274.25
11643,2024-06-21 09:57:00,274.4,274.55,274.05,274.35
11644,2024-06-21 10:00:00,274.4,274.65,273.8,273.85
11645,2024-06-21 10:03:00,273.8,274.3,273.2,273.25
11646,2024-06-21 10:06:00,273.35,273.9,273.0,273.4
11647,2024-06-21 10:09:00,273.3,273.4,272.8,273.2
11648,2024-06-21 10:12:00,273.05,273.25,272.5,272.5
11649,2024-06-21 10:15:00,272.55,273.3,272.5,272.7
11650,2024-06-21 10:18:00,272.8,272.85,272.05,272.55
11651,2024-06-21 10:21:00,272.6,272.6,272.1,272.45
11652,2024-06-21 10:24:00,272.35,272.45,271.7,272.35
11653,2024-06-21 10:27:00,272.3,272.8,272.0,272.4
11654,2024-06-21 10:30:00,272.3,272.5,272.1,272.3
11655,2024-06-21 10:33:00,272.45,272.45,272.2,272.25
11656,2024-06-21 10:36:00,272.4,273.25,272.2,273.0
11657,2024-06-21 10:39:00,273.1,273.15,272.35,272.35
11658,2024-06-21 10:42:00,272.4,272.45,272.0,272.0
11659,2024-06-21 10:45:00,272.1,272.1,271.5,271.6
11660,2024-06-21 10:48:00,271.65,272.45,271.45,272.25
11661,2024-06-21 10:51:00,272.35,273.2,272.25,273.0
11662,2024-06-21 10:54:00,273.15,273.45,272.6,273.35
11663,2024-06-21 10:57:00,273.25,273.8,273.15,273.6
11664,2024-06-21 11:00:00,273.75,273.75,272.95,273.0
11665,2024-06-21 11:03:00,273.2,273.4,272.7,273.4
11666,2024-06-21 11:06:00,273.3,273.3,272.95,273.1
11667,2024-06-21 11:09:00,273.15,273.2,272.9,273.0
11668,2024-06-21 11:12:00,273.1,273.45,273.05,273.25
11669,2024-06-21 11:15:00,273.35,273.35,273.0,273.1
11670,2024-06-21 11:18:00,273.0,273.1,272.2,272.6
11671,2024-06-21 11:21:00,272.55,273.0,272.5,272.9
11672,2024-06-21 11:24:00,272.85,273.15,272.6,273.0
11673,2024-06-21 11:27:00,273.15,273.3,272.8,272.8
11674,2024-06-21 11:30:00,272.85,273.1,272.6,273.1
11675,2024-06-21 11:33:00,273.05,273.2,272.65,273.1
11676,2024-06-21 11:36:00,273.2,273.45,273.05,273.2
11677,2024-06-21 11:39:00,273.1,273.2,272.85,273.0
11678,2024-06-21 11:42:00,272.9,273.2,272.85,273.0
11679,2024-06-21 11:45:00,272.9,272.95,272.55,272.6
11680,2024-06-21 11:48:00,272.7,272.75,272.4,272.4
11681,2024-06-21 11:51:00,272.45,272.6,272.35,272.5
11682,2024-06-21 11:54:00,272.6,272.6,272.05,272.1
11683,2024-06-21 11:57:00,272.05,272.2,271.7,271.85
11684,2024-06-21 12:00:00,271.75,272.0,271.7,271.85
11685,2024-06-21 12:03:00,271.9,272.15,271.7,272.15
11686,2024-06-21 12:06:00,272.1,272.15,271.75,272.15
11687,2024-06-21 12:09:00,272.0,272.15,272.0,272.1
11688,2024-06-21 12:12:00,272.2,272.25,272.1,272.25
11689,2024-06-21 12:15:00,272.15,272.25,271.8,271.8
11690,2024-06-21 12:18:00,271.85,271.95,271.75,271.9
11691,2024-06-21 12:21:00,271.85,271.9,271.7,271.8
11692,2024-06-21 12:24:00,271.7,271.9,271.3,271.3
11693,2024-06-21 12:27:00,271.45,271.5,271.2,271.45
11694,2024-06-21 12:30:00,271.4,271.5,271.0,271.35
11695,2024-06-21 12:33:00,271.25,271.5,271.15,271.35
11696,2024-06-21 12:36:00,271.25,271.4,270.7,270.75
11697,2024-06-21 12:39:00,270.8,270.8,270.3,270.4
11698,2024-06-21 12:42:00,270.3,270.5,270.25,270.3
11699,2024-06-21 12:45:00,270.25,270.3,269.35,269.45
11700,2024-06-21 12:48:00,269.7,269.95,269.0,269.9
11701,2024-06-21 12:51:00,269.95,270.4,269.85,270.15
11702,2024-06-21 12:54:00,270.25,270.35,269.9,270.1
11703,2024-06-21 12:57:00,270.05,270.15,269.55,269.85
11704,2024-06-21 13:00:00,269.75,269.85,269.05,269.3
11705,2024-06-21 13:03:00,269.2,269.65,268.65,268.9
11706,2024-06-21 13:06:00,268.8,269.0,268.3,268.45
11707,2024-06-21 13:09:00,268.5,268.7,268.1,268.1
11708,2024-06-21 13:12:00,268.05,269.6,268.05,269.45
11709,2024-06-21 13:15:00,269.4,269.75,269.0,269.55
11710,2024-06-21 13:18:00,269.6,269.75,269.25,269.6
11711,2024-06-21 13:21:00,269.55,270.55,269.5,270.4
11712,2024-06-21 13:24:00,270.35,270.4,269.7,270.0
11713,2024-06-21 13:27:00,269.95,269.95,269.5,269.5
11714,2024-06-21 13:30:00,269.55,269.65,269.05,269.6
11715,2024-06-21 13:33:00,269.55,270.2,269.5,270.05
11716,2024-06-21 13:36:00,270.0,270.55,269.8,270.4
11717,2024-06-21 13:39:00,270.5,270.5,270.0,270.15
11718,2024-06-21 13:42:00,270.2,270.4,269.75,270.2
11719,2024-06-21 13:45:00,270.15,270.55,270.15,270.4
11720,2024-06-21 13:48:00,270.25,270.4,269.85,269.9
11721,2024-06-21 13:51:00,270.0,270.9,269.85,270.9
11722,2024-06-21 13:54:00,270.95,271.0,270.25,270.4
11723,2024-06-21 13:57:00,270.45,270.45,270.0,270.2
11724,2024-06-21 14:00:00,270.25,270.5,270.0,270.15
11725,2024-06-21 14:03:00,270.05,271.3,270.05,271.3
11726,2024-06-21 14:06:00,271.25,271.25,270.45,270.65
11727,2024-06-21 14:09:00,270.55,270.85,270.45,270.7
11728,2024-06-21 14:12:00,270.6,271.0,270.45,271.0
11729,2024-06-21 14:15:00,271.1,271.3,270.4,270.4
11730,2024-06-21 14:18:00,270.55,270.55,270.3,270.45
11731,2024-06-21 14:21:00,270.4,270.45,269.65,269.65
11732,2024-06-21 14:24:00,269.6,269.7,269.0,269.1
11733,2024-06-21 14:27:00,269.3,269.7,269.25,269.5
11734,2024-06-21 14:30:00,269.4,269.85,269.25,269.65
11735,2024-06-21 14:33:00,269.6,269.65,268.65,268.95
11736,2024-06-21 14:36:00,268.9,269.1,268.65,268.95
11737,2024-06-21 14:39:00,268.85,269.5,268.85,269.2
11738,2024-06-21 14:42:00,269.25,269.45,269.05,269.35
11739,2024-06-21 14:45:00,269.25,269.95,269.25,269.65
11740,2024-06-21 14:48:00,269.7,269.7,269.05,269.1
11741,2024-06-21 14:51:00,269.15,269.85,269.0,269.65
11742,2024-06-21 14:54:00,269.6,269.75,269.2,269.25
11743,2024-06-21 14:57:00,269.15,269.45,269.05,269.25
11744,2024-06-21 15:00:00,269.4,270.15,269.35,270.05
11745,2024-06-21 15:03:00,269.95,270.05,269.25,269.45
11746,2024-06-21 15:06:00,269.2,269.75,269.15,269.7
11747,2024-06-21 15:09:00,269.65,269.9,269.25,269.4
11748,2024-06-21 15:12:00,269.35,269.7,269.3,269.7
11749,2024-06-21 15:15:00,269.65,270.1,269.65,270.05
11750,2024-06-21 15:18:00,270.0,270.0,269.5,269.75
11751,2024-06-21 15:21:00,269.7,270.0,269.7,269.95
11752,2024-06-21 15:24:00,269.9,269.95,269.4,269.8
11753,2024-06-21 15:27:00,269.75,270.0,267.45,267.45
11754,2024-06-24 09:15:00,266.85,266.85,264.6,266.75
11755,2024-06-24 09:18:00,266.85,267.5,265.1,266.25
11756,2024-06-24 09:21:00,266.2,266.65,265.1,265.75
11757,2024-06-24 09:24:00,265.8,266.65,265.55,266.1
11758,2024-06-24 09:27:00,265.9,266.25,265.55,265.9
11759,2024-06-24 09:30:00,266.05,266.05,263.4,263.4
11760,2024-06-24 09:33:00,263.45,264.7,263.45,263.7
11761,2024-06-24 09:36:00,263.85,264.25,262.7,262.75
11762,2024-06-24 09:39:00,262.7,262.9,262.1,262.55
11763,2024-06-24 09:42:00,262.6,263.55,262.5,263.1
11764,2024-06-24 09:45:00,263.05,263.8,263.0,263.5
11765,2024-06-24 09:48:00,263.35,264.35,263.35,263.75
11766,2024-06-24 09:51:00,263.7,264.05,263.4,263.9
11767,2024-06-24 09:54:00,263.75,264.95,263.75,264.75
11768,2024-06-24 09:57:00,264.7,265.0,264.15,264.35
11769,2024-06-24 10:00:00,264.3,265.0,264.1,264.85
11770,2024-06-24 10:03:00,265.0,265.4,264.8,265.2
11771,2024-06-24 10:06:00,265.35,265.65,265.1,265.3
11772,2024-06-24 10:09:00,265.4,265.65,265.2,265.55
11773,2024-06-24 10:12:00,265.5,266.0,265.4,265.85
11774,2024-06-24 10:15:00,265.9,266.3,265.8,266.0
11775,2024-06-24 10:18:00,265.95,266.1,265.35,265.4
11776,2024-06-24 10:21:00,265.3,265.55,265.0,265.05
11777,2024-06-24 10:24:00,265.15,265.5,265.0,265.3
11778,2024-06-24 10:27:00,265.25,265.45,265.25,265.45
11779,2024-06-24 10:30:00,265.35,265.95,265.35,265.75
11780,2024-06-24 10:33:00,265.7,265.75,265.4,265.75
11781,2024-06-24 10:36:00,265.6,265.85,265.45,265.7
11782,2024-06-24 10:39:00,265.85,266.3,265.8,266.2
11783,2024-06-24 10:42:00,266.3,266.35,265.9,266.35
11784,2024-06-24 10:45:00,266.3,267.0,266.3,266.9
11785,2024-06-24 10:48:00,266.95,267.0,266.3,266.4
11786,2024-06-24 10:51:00,266.35,267.4,266.35,266.95
11787,2024-06-24 10:54:00,266.7,267.0,266.65,266.9
11788,2024-06-24 10:57:00,266.85,266.9,266.0,266.15
11789,2024-06-24 11:00:00,266.2,267.0,266.2,266.9
11790,2024-06-24 11:03:00,266.95,267.5,266.85,267.0
11791,2024-06-24 11:06:00,266.9,267.4,266.9,267.25
11792,2024-06-24 11:09:00,267.1,267.45,267.05,267.45
11793,2024-06-24 11:12:00,267.4,267.7,267.1,267.3
11794,2024-06-24 11:15:00,267.15,267.3,266.65,267.0
11795,2024-06-24 11:18:00,266.95,267.55,266.9,267.0
11796,2024-06-24 11:21:00,266.95,267.1,266.3,266.45
11797,2024-06-24 11:24:00,266.5,266.5,266.15,266.4
11798,2024-06-24 11:27:00,266.5,266.5,266.4,266.45
11799,2024-06-24 11:30:00,266.5,266.5,266.2,266.4
11800,2024-06-24 11:33:00,266.5,266.5,266.4,266.4
11801,2024-06-24 11:36:00,266.45,266.5,266.0,266.1
11802,2024-06-24 11:39:00,266.15,266.35,265.8,265.8
11803,2024-06-24 11:42:00,265.85,266.3,265.75,266.25
11804,2024-06-24 11:45:00,266.15,266.2,265.9,266.05
11805,2024-06-24 11:48:00,266.2,266.5,265.9,266.3
11806,2024-06-24 11:51:00,266.25,266.5,266.15,266.3
11807,2024-06-24 11:54:00,266.45,266.5,266.0,266.0
11808,2024-06-24 11:57:00,266.15,266.5,266.0,266.15
11809,2024-06-24 12:00:00,266.3,266.45,266.05,266.25
11810,2024-06-24 12:03:00,266.3,266.5,266.25,266.3
11811,2024-06-24 12:06:00,266.45,266.5,266.25,266.25
11812,2024-06-24 12:09:00,266.35,266.35,266.0,266.2
11813,2024-06-24 12:12:00,266.3,266.45,266.2,266.2
11814,2024-06-24 12:15:00,266.4,266.5,266.15,266.3
11815,2024-06-24 12:18:00,266.45,266.5,266.25,266.45
11816,2024-06-24 12:21:00,266.35,266.45,266.1,266.25
11817,2024-06-24 12:24:00,266.4,266.4,265.85,265.85
11818,2024-06-24 12:27:00,265.95,266.0,265.6,265.8
11819,2024-06-24 12:30:00,265.95,266.4,265.75,266.0
11820,2024-06-24 12:33:00,265.95,266.0,265.65,265.75
11821,2024-06-24 12:36:00,265.8,265.8,265.05,265.6
11822,2024-06-24 12:39:00,265.7,265.95,265.55,265.7
11823,2024-06-24 12:42:00,265.75,265.75,265.05,265.15
11824,2024-06-24 12:45:00,265.05,265.25,264.7,264.95
11825,2024-06-24 12:48:00,265.05,265.2,264.8,265.05
11826,2024-06-24 12:51:00,264.95,265.15,264.8,265.0
11827,2024-06-24 12:54:00,264.8,265.0,264.7,264.75
11828,2024-06-24 12:57:00,264.8,265.0,264.65,264.8
11829,2024-06-24 13:00:00,264.95,265.0,264.6,264.6
11830,2024-06-24 13:03:00,264.7,264.9,264.5,264.65
11831,2024-06-24 13:06:00,264.75,265.15,264.6,265.0
11832,2024-06-24 13:09:00,264.95,265.15,264.75,264.75
11833,2024-06-24 13:12:00,264.85,264.9,264.1,264.35
11834,2024-06-24 13:15:00,264.45,264.6,264.2,264.55
11835,2024-06-24 13:18:00,264.6,265.25,264.55,264.9
11836,2024-06-24 13:21:00,265.0,265.05,264.75,264.75
11837,2024-06-24 13:24:00,264.8,265.15,264.65,265.15
11838,2024-06-24 13:27:00,265.1,265.35,265.0,265.25
11839,2024-06-24 13:30:00,265.15,265.75,265.15,265.6
11840,2024-06-24 13:33:00,265.75,265.75,265.3,265.4
11841,2024-06-24 13:36:00,265.35,265.8,265.35,265.8
11842,2024-06-24 13:39:00,265.65,265.9,264.6,264.6
11843,2024-06-24 13:42:00,264.65,264.95,264.55,264.75
11844,2024-06-24 13:45:00,264.95,265.0,264.75,264.85
11845,2024-06-24 13:48:00,264.9,265.2,264.85,265.05
11846,2024-06-24 13:51:00,265.2,265.2,264.8,264.8
11847,2024-06-24 13:54:00,264.9,264.9,264.55,264.65
11848,2024-06-24 13:57:00,264.55,264.8,264.55,264.6
11849,2024-06-24 14:00:00,264.7,265.0,264.6,264.75
11850,2024-06-24 14:03:00,264.9,265.0,264.6,264.8
11851,2024-06-24 14:06:00,264.9,265.0,264.75,264.85
11852,2024-06-24 14:09:00,265.05,265.1,264.8,265.0
11853,2024-06-24 14:12:00,265.1,265.1,264.9,264.95
11854,2024-06-24 14:15:00,265.05,265.5,264.9,265.3
11855,2024-06-24 14:18:00,265.4,265.5,264.5,264.5
11856,2024-06-24 14:21:00,264.6,264.9,264.45,264.65
11857,2024-06-24 14:24:00,264.8,264.95,264.5,264.8
11858,2024-06-24 14:27:00,264.95,265.0,264.65,264.65
11859,2024-06-24 14:30:00,264.75,264.85,264.2,264.3
11860,2024-06-24 14:33:00,264.25,264.4,264.2,264.3
11861,2024-06-24 14:36:00,264.2,264.3,263.8,263.9
11862,2024-06-24 14:39:00,263.75,264.15,263.6,264.0
11863,2024-06-24 14:42:00,263.9,264.0,263.75,264.0
11864,2024-06-24 14:45:00,263.95,264.35,263.1,263.55
11865,2024-06-24 14:48:00,263.5,263.9,263.35,263.85
11866,2024-06-24 14:51:00,263.9,264.1,263.2,263.55
11867,2024-06-24 14:54:00,263.65,263.75,263.4,263.45
11868,2024-06-24 14:57:00,263.55,263.6,263.4,263.4
11869,2024-06-24 15:00:00,263.45,264.0,263.4,263.7
11870,2024-06-24 15:03:00,263.5,263.8,263.1,263.35
11871,2024-06-24 15:06:00,263.3,263.65,262.85,263.2
11872,2024-06-24 15:09:00,263.15,263.95,263.1,263.9
11873,2024-06-24 15:12:00,263.95,264.6,263.9,264.1
11874,2024-06-24 15:15:00,264.15,264.9,264.1,264.6
11875,2024-06-24 15:18:00,264.75,264.75,264.25,264.35
11876,2024-06-24 15:21:00,264.5,264.75,264.15,264.75
11877,2024-06-24 15:24:00,264.6,264.7,264.25,264.7
11878,2024-06-24 15:27:00,264.6,265.05,264.5,265.0
11879,2024-06-25 09:15:00,266.5,267.2,266.0,266.7
11880,2024-06-25 09:18:00,266.9,266.9,265.55,265.95
11881,2024-06-25 09:21:00,266.15,266.95,265.95,266.8
11882,2024-06-25 09:24:00,266.85,266.9,266.35,266.55
11883,2024-06-25 09:27:00,266.5,266.7,266.1,266.3
11884,2024-06-25 09:30:00,266.45,267.15,266.25,267.15
11885,2024-06-25 09:33:00,267.1,267.15,266.35,266.35
11886,2024-06-25 09:36:00,266.5,266.85,266.25,266.55
11887,2024-06-25 09:39:00,266.5,266.65,265.7,266.25
11888,2024-06-25 09:42:00,266.3,267.0,266.3,266.6
11889,2024-06-25 09:45:00,266.5,266.75,265.8,265.9
11890,2024-06-25 09:48:00,266.0,266.0,265.2,265.3
11891,2024-06-25 09:51:00,265.4,266.5,263.85,263.9
11892,2024-06-25 09:54:00,263.95,264.05,262.75,263.0
11893,2024-06-25 09:57:00,263.1,263.75,263.1,263.2
11894,2024-06-25 10:00:00,263.1,263.2,262.3,262.4
11895,2024-06-25 10:03:00,262.35,262.85,262.2,262.7
11896,2024-06-25 10:06:00,262.65,262.7,262.0,262.25
11897,2024-06-25 10:09:00,262.35,262.7,262.25,262.7
11898,2024-06-25 10:12:00,262.8,262.8,261.9,262.2
11899,2024-06-25 10:15:00,262.1,262.4,261.7,261.8
11900,2024-06-25 10:18:00,261.7,262.0,261.55,261.8
11901,2024-06-25 10:21:00,261.85,262.15,261.7,261.95
11902,2024-06-25 10:24:00,261.8,262.95,261.8,262.8
11903,2024-06-25 10:27:00,262.75,262.85,262.4,262.8
11904,2024-06-25 10:30:00,262.65,262.9,262.25,262.25
11905,2024-06-25 10:33:00,262.4,262.45,261.75,261.8
11906,2024-06-25 10:36:00,261.75,262.1,261.7,262.0
11907,2024-06-25 10:39:00,261.95,262.25,261.75,262.25
11908,2024-06-25 10:42:00,262.15,262.15,261.7,261.85
11909,2024-06-25 10:45:00,261.95,262.0,261.8,261.8
11910,2024-06-25 10:48:00,261.75,262.5,261.7,261.85
11911,2024-06-25 10:51:00,261.9,262.0,261.6,261.85
11912,2024-06-25 10:54:00,261.75,261.9,261.65,261.9
11913,2024-06-25 10:57:00,261.95,262.0,261.75,262.0
11914,2024-06-25 11:00:00,261.9,262.0,261.6,261.7
11915,2024-06-25 11:03:00,261.75,261.8,261.3,261.4
11916,2024-06-25 11:06:00,261.35,261.5,260.9,260.9
11917,2024-06-25 11:09:00,260.8,261.3,260.7,261.3
11918,2024-06-25 11:12:00,261.25,261.25,260.7,260.95
11919,2024-06-25 11:15:00,260.9,260.95,260.45,260.7
11920,2024-06-25 11:18:00,260.65,260.65,260.0,260.35
11921,2024-06-25 11:21:00,260.25,260.8,260.15,260.75
11922,2024-06-25 11:24:00,260.7,261.0,260.6,260.6
11923,2024-06-25 11:27:00,260.5,260.6,260.25,260.3
11924,2024-06-25 11:30:00,260.4,260.4,259.8,260.0
11925,2024-06-25 11:33:00,260.1,260.2,260.0,260.2
11926,2024-06-25 11:36:00,260.15,260.35,260.0,260.05
11927,2024-06-25 11:39:00,260.1,260.1,259.6,260.05
11928,2024-06-25 11:42:00,260.1,260.45,260.0,260.45
11929,2024-06-25 11:45:00,260.4,260.75,260.25,260.45
11930,2024-06-25 11:48:00,260.35,260.75,260.35,260.4
11931,2024-06-25 11:51:00,260.2,260.45,260.1,260.25
11932,2024-06-25 11:54:00,260.15,260.65,260.15,260.6
11933,2024-06-25 11:57:00,260.5,260.6,260.2,260.6
11934,2024-06-25 12:00:00,260.4,260.6,260.35,260.4
11935,2024-06-25 12:03:00,260.3,260.45,260.0,260.0
11936,2024-06-25 12:06:00,260.05,260.05,259.7,259.95
11937,2024-06-25 12:09:00,259.8,259.95,259.65,259.95
11938,2024-06-25 12:12:00,259.9,260.0,259.6,259.65
11939,2024-06-25 12:15:00,259.7,259.75,259.3,259.35
11940,2024-06-25 12:18:00,259.3,259.5,258.6,258.7
11941,2024-06-25 12:21:00,258.6,258.95,258.4,258.95
11942,2024-06-25 12:24:00,258.9,259.55,258.8,259.5
11943,2024-06-25 12:27:00,259.4,259.75,259.25,259.4
11944,2024-06-25 12:30:00,259.25,259.35,259.0,259.35
11945,2024-06-25 12:33:00,259.45,259.5,258.95,259.3
11946,2024-06-25 12:36:00,259.25,259.35,258.8,259.15
11947,2024-06-25 12:39:00,259.2,259.3,259.0,259.3
11948,2024-06-25 12:42:00,259.2,259.3,258.9,259.0
11949,2024-06-25 12:45:00,258.95,259.2,258.6,258.6
11950,2024-06-25 12:48:00,258.75,259.0,258.45,258.75
11951,2024-06-25 12:51:00,258.65,258.75,258.5,258.65
11952,2024-06-25 12:54:00,258.6,258.65,258.2,258.65
11953,2024-06-25 12:57:00,258.55,258.65,258.25,258.5
11954,2024-06-25 13:00:00,258.35,258.75,258.3,258.35
11955,2024-06-25 13:03:00,258.3,258.4,258.1,258.25
11956,2024-06-25 13:06:00,258.2,258.4,257.75,258.0
11957,2024-06-25 13:09:00,257.85,258.15,257.65,258.05
11958,2024-06-25 13:12:00,258.15,258.45,257.9,258.0
11959,2024-06-25 13:15:00,257.95,258.15,257.85,258.15
11960,2024-06-25 13:18:00,258.1,258.3,256.95,256.95
11961,2024-06-25 13:21:00,257.0,257.3,256.45,256.5
11962,2024-06-25 13:24:00,256.45,257.1,256.4,256.95
11963,2024-06-25 13:27:00,257.05,257.45,257.0,257.4
11964,2024-06-25 13:30:00,257.35,257.55,255.95,256.0
11965,2024-06-25 13:33:00,255.95,256.1,255.7,255.95
11966,2024-06-25 13:36:00,255.9,256.1,255.8,255.95
11967,2024-06-25 13:39:00,256.0,256.05,255.6,256.0
11968,2024-06-25 13:42:00,255.95,256.15,255.7,255.85
11969,2024-06-25 13:45:00,255.9,256.15,255.9,256.05
11970,2024-06-25 13:48:00,256.0,257.8,255.9,257.65
11971,2024-06-25 13:51:00,257.5,257.85,257.3,257.75
11972,2024-06-25 13:54:00,257.8,258.25,257.55,257.8
11973,2024-06-25 13:57:00,257.65,257.95,257.45,257.9
11974,2024-06-25 14:00:00,257.95,258.0,257.75,257.85
11975,2024-06-25 14:03:00,257.7,257.85,257.4,257.55
11976,2024-06-25 14:06:00,257.6,257.7,257.35,257.45
11977,2024-06-25 14:09:00,257.5,257.75,257.4,257.45
11978,2024-06-25 14:12:00,257.5,257.65,257.25,257.3
11979,2024-06-25 14:15:00,257.4,257.4,256.85,257.0
11980,2024-06-25 14:18:00,256.85,257.0,256.75,256.9
11981,2024-06-25 14:21:00,257.0,257.25,256.75,257.05
11982,2024-06-25 14:24:00,257.0,257.05,256.2,256.5
11983,2024-06-25 14:27:00,256.55,257.1,256.5,257.1
11984,2024-06-25 14:30:00,257.05,257.2,256.85,257.2
11985,2024-06-25 14:33:00,257.25,257.3,257.0,257.15
11986,2024-06-25 14:36:00,257.25,257.55,257.0,257.5
11987,2024-06-25 14:39:00,257.45,257.5,257.2,257.45
11988,2024-06-25 14:42:00,257.4,257.45,257.1,257.2
11989,2024-06-25 14:45:00,257.15,257.45,256.8,257.4
11990,2024-06-25 14:48:00,257.35,257.4,256.9,257.1
11991,2024-06-25 14:51:00,257.15,257.2,256.75,256.9
11992,2024-06-25 14:54:00,257.0,257.1,256.65,257.1
11993,2024-06-25 14:57:00,257.15,257.2,256.95,257.15
11994,2024-06-25 15:00:00,257.05,258.0,257.05,257.9
11995,2024-06-25 15:03:00,258.0,258.4,257.85,257.85
11996,2024-06-25 15:06:00,258.0,258.25,257.6,257.7
11997,2024-06-25 15:09:00,257.75,258.1,257.75,258.05
11998,2024-06-25 15:12:00,258.0,258.35,257.9,258.1
11999,2024-06-25 15:15:00,258.15,258.25,257.85,258.05
12000,2024-06-25 15:18:00,258.0,258.05,257.6,258.0
12001,2024-06-25 15:21:00,257.95,258.5,257.9,258.45
12002,2024-06-25 15:24:00,258.5,258.5,258.1,258.25
12003,2024-06-25 15:27:00,258.3,258.6,255.9,255.9
12004,2024-06-26 09:15:00,254.55,255.1,253.15,253.9
12005,2024-06-26 09:18:00,253.95,255.1,253.6,253.75
12006,2024-06-26 09:21:00,253.8,255.2,253.75,254.95
12007,2024-06-26 09:24:00,254.7,255.05,254.05,254.1
12008,2024-06-26 09:27:00,254.15,254.5,253.85,253.85
12009,2024-06-26 09:30:00,253.95,254.1,252.8,253.25
12010,2024-06-26 09:33:00,253.3,253.65,252.9,253.0
12011,2024-06-26 09:36:00,253.05,253.25,252.75,253.0
12012,2024-06-26 09:39:00,253.1,253.1,252.25,252.5
12013,2024-06-26 09:42:00,252.3,253.05,251.5,252.95
12014,2024-06-26 09:45:00,252.9,253.75,252.8,253.35
12015,2024-06-26 09:48:00,253.5,254.0,253.3,253.65
12016,2024-06-26 09:51:00,253.5,253.75,253.4,253.6
12017,2024-06-26 09:54:00,253.65,253.95,253.45,253.8
12018,2024-06-26 09:57:00,253.7,253.85,252.8,253.0
12019,2024-06-26 10:00:00,252.9,253.0,252.5,252.65
12020,2024-06-26 10:03:00,252.7,252.8,252.1,252.4
12021,2024-06-26 10:06:00,252.3,252.5,251.4,251.8
12022,2024-06-26 10:09:00,252.05,252.3,251.3,251.4
12023,2024-06-26 10:12:00,251.55,251.7,251.1,251.6
12024,2024-06-26 10:15:00,251.5,252.6,251.5,252.2
12025,2024-06-26 10:18:00,252.05,252.6,252.0,252.35
12026,2024-06-26 10:21:00,252.4,252.4,251.1,251.1
12027,2024-06-26 10:24:00,251.25,251.55,251.15,251.4
12028,2024-06-26 10:27:00,251.35,251.85,251.3,251.8
12029,2024-06-26 10:30:00,251.85,251.85,250.85,250.85
12030,2024-06-26 10:33:00,250.95,251.5,250.75,251.45
12031,2024-06-26 10:36:00,251.5,251.5,250.7,250.8
12032,2024-06-26 10:39:00,250.75,251.0,250.7,250.9
12033,2024-06-26 10:42:00,251.0,251.1,250.85,251.05
12034,2024-06-26 10:45:00,251.0,251.15,250.9,250.95
12035,2024-06-26 10:48:00,251.0,251.0,250.55,250.75
12036,2024-06-26 10:51:00,250.65,250.8,250.2,250.65
12037,2024-06-26 10:54:00,250.7,251.0,250.4,250.75
12038,2024-06-26 10:57:00,250.8,251.65,250.7,251.6
12039,2024-06-26 11:00:00,251.7,252.0,251.5,251.55
12040,2024-06-26 11:03:00,251.5,251.65,251.2,251.55
12041,2024-06-26 11:06:00,251.45,251.7,251.4,251.65
12042,2024-06-26 11:09:00,251.6,251.9,251.5,251.5
12043,2024-06-26 11:12:00,251.55,251.7,251.3,251.4
12044,2024-06-26 11:15:00,251.35,251.65,250.85,250.85
12045,2024-06-26 11:18:00,250.9,251.0,250.55,250.85
12046,2024-06-26 11:21:00,250.8,251.0,250.8,250.9
12047,2024-06-26 11:24:00,250.95,251.0,250.6,250.85
12048,2024-06-26 11:27:00,250.8,251.0,250.75,250.95
12049,2024-06-26 11:30:00,251.0,251.0,250.55,250.55
12050,2024-06-26 11:33:00,250.6,250.7,250.3,250.35
12051,2024-06-26 11:36:00,250.45,250.65,250.35,250.55
12052,2024-06-26 11:39:00,250.65,250.9,250.5,250.7
12053,2024-06-26 11:42:00,250.8,251.05,250.7,250.9
12054,2024-06-26 11:45:00,250.95,251.5,250.9,251.35
12055,2024-06-26 11:48:00,251.45,251.5,251.2,251.25
12056,2024-06-26 11:51:00,251.2,251.5,251.05,251.5
12057,2024-06-26 11:54:00,251.4,251.5,251.2,251.2
12058,2024-06-26 11:57:00,251.35,251.35,250.85,251.0
12059,2024-06-26 12:00:00,251.15,251.4,251.0,251.2
12060,2024-06-26 12:03:00,251.25,251.5,251.15,251.4
12061,2024-06-26 12:06:00,251.3,251.65,251.2,251.3
12062,2024-06-26 12:09:00,251.45,251.45,250.85,251.2
12063,2024-06-26 12:12:00,251.1,251.25,251.0,251.0
12064,2024-06-26 12:15:00,251.05,251.05,250.65,250.7
12065,2024-06-26 12:18:00,250.85,251.05,250.7,251.0
12066,2024-06-26 12:21:00,250.95,251.0,250.7,250.8
12067,2024-06-26 12:24:00,250.7,250.85,250.65,250.75
12068,2024-06-26 12:27:00,250.7,250.85,250.55,250.6
12069,2024-06-26 12:30:00,250.55,250.75,250.4,250.5
12070,2024-06-26 12:33:00,250.7,250.7,250.2,250.6
12071,2024-06-26 12:36:00,250.65,251.0,250.5,250.7
12072,2024-06-26 12:39:00,250.65,250.95,250.65,250.9
12073,2024-06-26 12:42:00,250.95,251.0,250.3,250.45
12074,2024-06-26 12:45:00,250.5,250.5,250.0,250.0
12075,2024-06-26 12:48:00,250.1,250.2,249.7,250.1
12076,2024-06-26 12:51:00,250.05,250.2,249.35,249.4
12077,2024-06-26 12:54:00,249.5,249.65,249.35,249.65
12078,2024-06-26 12:57:00,249.6,249.65,249.4,249.4
12079,2024-06-26 13:00:00,249.45,249.6,249.3,249.5
12080,2024-06-26 13:03:00,249.45,249.5,249.3,249.35
12081,2024-06-26 13:06:00,249.5,249.65,249.35,249.55
12082,2024-06-26 13:09:00,249.65,249.7,249.4,249.55
12083,2024-06-26 13:12:00,249.5,249.65,249.4,249.45
12084,2024-06-26 13:15:00,249.4,249.45,248.85,248.85
12085,2024-06-26 13:18:00,248.8,249.1,248.7,248.85
12086,2024-06-26 13:21:00,249.0,249.0,248.55,248.7
12087,2024-06-26 13:24:00,248.8,249.0,248.25,248.45
12088,2024-06-26 13:27:00,248.35,248.75,248.3,248.6
12089,2024-06-26 13:30:00,248.7,249.15,248.55,249.05
12090,2024-06-26 13:33:00,249.0,249.1,248.8,249.0
12091,2024-06-26 13:36:00,249.1,249.1,248.7,248.75
12092,2024-06-26 13:39:00,248.9,249.05,248.75,249.0
12093,2024-06-26 13:42:00,248.9,249.05,248.8,249.0
12094,2024-06-26 13:45:00,249.05,249.15,248.85,249.1
12095,2024-06-26 13:48:00,249.0,249.15,248.85,248.9
12096,2024-06-26 13:51:00,248.85,249.15,248.85,248.9
12097,2024-06-26 13:54:00,249.05,249.25,248.9,249.1
12098,2024-06-26 13:57:00,249.25,249.8,249.1,249.55
12099,2024-06-26 14:00:00,249.7,249.75,248.9,249.15
12100,2024-06-26 14:03:00,249.3,249.75,249.1,249.5
12101,2024-06-26 14:06:00,249.65,249.85,249.45,249.85
12102,2024-06-26 14:09:00,249.75,250.0,249.75,249.85
12103,2024-06-26 14:12:00,249.95,250.0,249.8,250.0
12104,2024-06-26 14:15:00,249.95,250.35,249.8,250.35
12105,2024-06-26 14:18:00,250.4,250.45,250.0,250.15
12106,2024-06-26 14:21:00,250.1,250.15,249.8,249.95
12107,2024-06-26 14:24:00,249.85,249.95,249.45,249.7
12108,2024-06-26 14:27:00,249.85,249.85,249.25,249.4
12109,2024-06-26 14:30:00,249.35,249.45,249.2,249.45
12110,2024-06-26 14:33:00,249.5,249.8,249.45,249.55
12111,2024-06-26 14:36:00,249.6,249.8,249.35,249.8
12112,2024-06-26 14:39:00,249.75,249.8,249.55,249.65
12113,2024-06-26 14:42:00,249.7,249.8,249.4,249.4
12114,2024-06-26 14:45:00,249.45,249.55,249.25,249.45
12115,2024-06-26 14:48:00,249.3,249.8,249.25,249.7
12116,2024-06-26 14:51:00,249.65,249.7,249.2,249.45
12117,2024-06-26 14:54:00,249.4,249.6,249.2,249.25
12118,2024-06-26 14:57:00,249.2,249.35,248.7,249.0
12119,2024-06-26 15:00:00,249.1,249.8,249.0,249.75
12120,2024-06-26 15:03:00,249.6,249.75,249.15,249.35
12121,2024-06-26 15:06:00,249.5,249.5,249.1,249.35
12122,2024-06-26 15:09:00,249.25,249.4,249.1,249.15
12123,2024-06-26 15:12:00,249.1,249.3,249.05,249.15
12124,2024-06-26 15:15:00,249.1,249.3,249.05,249.25
12125,2024-06-26 15:18:00,249.1,249.4,249.0,249.2
12126,2024-06-26 15:21:00,249.25,249.45,249.25,249.35
12127,2024-06-26 15:24:00,249.3,249.4,249.1,249.35
12128,2024-06-26 15:27:00,249.3,250.0,249.1,250.0
12129,2024-06-27 09:15:00,248.35,251.15,248.35,251.15
12130,2024-06-27 09:18:00,250.4,251.6,250.4,251.05
12131,2024-06-27 09:21:00,251.15,251.3,250.7,250.9
12132,2024-06-27 09:24:00,250.75,250.95,249.8,250.5
12133,2024-06-27 09:27:00,250.65,250.95,250.55,250.9
12134,2024-06-27 09:30:00,250.75,251.95,250.75,251.65
12135,2024-06-27 09:33:00,251.7,251.9,251.35,251.55
12136,2024-06-27 09:36:00,251.5,252.3,251.4,252.3
12137,2024-06-27 09:39:00,252.35,253.4,252.3,253.1
12138,2024-06-27 09:42:00,253.05,253.2,252.6,252.7
12139,2024-06-27 09:45:00,252.65,253.1,252.6,253.0
12140,2024-06-27 09:48:00,253.1,253.3,252.8,252.8
12141,2024-06-27 09:51:00,252.75,252.75,251.75,252.0
12142,2024-06-27 09:54:00,251.9,252.5,251.9,251.95
12143,2024-06-27 09:57:00,252.0,252.35,251.95,252.1
12144,2024-06-27 10:00:00,252.2,252.25,251.1,251.25
12145,2024-06-27 10:03:00,251.3,251.3,250.45,250.7
12146,2024-06-27 10:06:00,250.75,250.75,249.65,249.95
12147,2024-06-27 10:09:00,249.9,250.0,249.65,249.95
12148,2024-06-27 10:12:00,249.9,250.0,249.15,249.15
12149,2024-06-27 10:15:00,249.1,249.8,249.1,249.65
12150,2024-06-27 10:18:00,249.5,250.0,249.5,249.75
12151,2024-06-27 10:21:00,249.85,249.9,249.6,249.75
12152,2024-06-27 10:24:00,249.7,250.0,249.7,249.8
12153,2024-06-27 10:27:00,249.85,250.0,249.5,249.85
12154,2024-06-27 10:30:00,249.9,249.9,249.25,249.35
12155,2024-06-27 10:33:00,249.25,249.4,248.5,248.65
12156,2024-06-27 10:36:00,248.6,248.7,248.35,248.35
12157,2024-06-27 10:39:00,248.5,248.5,247.5,247.8
12158,2024-06-27 10:42:00,247.95,248.15,247.35,247.55
12159,2024-06-27 10:45:00,247.5,247.8,247.3,247.8
12160,2024-06-27 10:48:00,247.65,248.25,247.6,248.15
12161,2024-06-27 10:51:00,248.25,248.45,248.0,248.2
12162,2024-06-27 10:54:00,248.1,248.35,247.8,248.2
12163,2024-06-27 10:57:00,248.35,248.35,248.0,248.05
12164,2024-06-27 11:00:00,248.15,248.15,247.95,247.95
12165,2024-06-27 11:03:00,247.9,248.2,247.75,248.0
12166,2024-06-27 11:06:00,248.05,248.15,247.8,248.0
12167,2024-06-27 11:09:00,248.1,248.3,247.9,248.0
12168,2024-06-27 11:12:00,248.05,248.2,247.9,248.05
12169,2024-06-27 11:15:00,248.1,248.35,247.95,248.15
12170,2024-06-27 11:18:00,248.25,248.3,247.85,247.95
12171,2024-06-27 11:21:00,247.85,247.95,247.5,247.55
12172,2024-06-27 11:24:00,247.65,247.9,247.55,247.9
12173,2024-06-27 11:27:00,247.85,248.05,247.6,247.65
12174,2024-06-27 11:30:00,247.8,248.65,247.65,248.4
12175,2024-06-27 11:33:00,248.25,248.4,248.0,248.1
12176,2024-06-27 11:36:00,248.15,248.4,248.0,248.3
12177,2024-06-27 11:39:00,248.4,248.5,248.2,248.35
12178,2024-06-27 11:42:00,248.25,248.35,248.0,248.15
12179,2024-06-27 11:45:00,248.0,248.15,247.85,247.9
12180,2024-06-27 11:48:00,248.0,248.25,247.85,248.2
12181,2024-06-27 11:51:00,248.25,248.6,248.1,248.3
12182,2024-06-27 11:54:00,248.2,248.3,247.25,248.0
12183,2024-06-27 11:57:00,247.9,247.95,246.85,246.95
12184,2024-06-27 12:00:00,246.9,247.0,246.75,246.85
12185,2024-06-27 12:03:00,246.8,247.0,246.75,246.95
12186,2024-06-27 12:06:00,247.0,247.0,246.4,246.6
12187,2024-06-27 12:09:00,246.55,246.6,246.05,246.2
12188,2024-06-27 12:12:00,246.25,246.5,246.1,246.45
12189,2024-06-27 12:15:00,246.5,246.55,246.05,246.1
12190,2024-06-27 12:18:00,246.05,246.25,245.65,245.95
12191,2024-06-27 12:21:00,246.0,246.05,245.8,245.85
12192,2024-06-27 12:24:00,246.0,246.0,245.7,245.75
12193,2024-06-27 12:27:00,245.9,246.25,245.35,246.2
12194,2024-06-27 12:30:00,246.25,246.45,246.05,246.25
12195,2024-06-27 12:33:00,246.1,246.3,245.75,245.85
12196,2024-06-27 12:36:00,246.0,246.0,245.55,245.65
12197,2024-06-27 12:39:00,245.7,245.7,245.25,245.35
12198,2024-06-27 12:42:00,245.25,245.55,245.0,245.4
12199,2024-06-27 12:45:00,245.3,245.45,244.3,244.5
12200,2024-06-27 12:48:00,244.55,245.15,244.4,245.05
12201,2024-06-27 12:51:00,245.0,245.2,244.3,245.0
12202,2024-06-27 12:54:00,244.95,245.45,244.85,245.3
12203,2024-06-27 12:57:00,245.25,245.3,244.25,244.4
12204,2024-06-27 13:00:00,244.45,244.95,243.95,244.0
12205,2024-06-27 13:03:00,244.1,244.15,243.35,243.45
12206,2024-06-27 13:06:00,243.55,243.55,243.0,243.4
12207,2024-06-27 13:09:00,243.3,243.5,243.0,243.2
12208,2024-06-27 13:12:00,243.1,243.5,243.05,243.35
12209,2024-06-27 13:15:00,243.45,243.6,243.25,243.55
12210,2024-06-27 13:18:00,243.6,244.2,243.35,244.2
12211,2024-06-27 13:21:00,244.05,244.25,243.5,243.55
12212,2024-06-27 13:24:00,243.65,243.75,243.25,243.5
12213,2024-06-27 13:27:00,243.45,243.75,243.25,243.35
12214,2024-06-27 13:30:00,243.25,243.5,243.25,243.25
12215,2024-06-27 13:33:00,243.4,243.45,243.2,243.4
12216,2024-06-27 13:36:00,243.25,243.45,242.7,242.7
12217,2024-06-27 13:39:00,242.75,243.3,242.7,243.15
12218,2024-06-27 13:42:00,243.25,243.25,242.95,243.1
12219,2024-06-27 13:45:00,243.05,243.2,242.7,242.8
12220,2024-06-27 13:48:00,242.75,242.85,242.15,242.2
12221,2024-06-27 13:51:00,242.15,242.8,242.15,242.5
12222,2024-06-27 13:54:00,242.4,242.7,242.4,242.7
12223,2024-06-27 13:57:00,242.75,242.75,242.45,242.6
12224,2024-06-27 14:00:00,242.55,242.75,242.5,242.7
12225,2024-06-27 14:03:00,242.65,242.7,242.15,242.15
12226,2024-06-27 14:06:00,242.3,242.3,241.5,241.65
12227,2024-06-27 14:09:00,241.6,241.8,241.35,241.4
12228,2024-06-27 14:12:00,241.3,241.85,241.3,241.7
12229,2024-06-27 14:15:00,241.65,242.0,241.5,241.55
12230,2024-06-27 14:18:00,241.7,241.75,241.45,241.6
12231,2024-06-27 14:21:00,241.55,241.8,241.45,241.6
12232,2024-06-27 14:24:00,241.5,241.85,241.4,241.85
12233,2024-06-27 14:27:00,241.65,241.95,241.55,241.95
12234,2024-06-27 14:30:00,241.85,241.95,241.25,241.5
12235,2024-06-27 14:33:00,241.4,242.3,241.4,242.2
12236,2024-06-27 14:36:00,242.35,242.75,242.2,242.7
12237,2024-06-27 14:39:00,242.8,243.15,242.7,243.05
12238,2024-06-27 14:42:00,243.15,243.5,243.0,243.45
12239,2024-06-27 14:45:00,243.4,244.15,243.35,244.1
12240,2024-06-27 14:48:00,244.05,244.8,243.95,244.7
12241,2024-06-27 14:51:00,244.65,245.0,244.55,244.7
12242,2024-06-27 14:54:00,244.65,244.7,244.1,244.3
12243,2024-06-27 14:57:00,244.35,244.75,244.3,244.6
12244,2024-06-27 15:00:00,244.45,245.1,244.4,245.0
12245,2024-06-27 15:03:00,244.9,245.55,244.85,245.15
12246,2024-06-27 15:06:00,245.2,245.55,244.8,245.35
12247,2024-06-27 15:09:00,245.2,245.4,244.65,244.85
12248,2024-06-27 15:12:00,245.0,245.9,244.75,245.7
12249,2024-06-27 15:15:00,245.8,246.15,245.65,245.95
12250,2024-06-27 15:18:00,245.9,246.3,245.8,246.3
12251,2024-06-27 15:21:00,246.35,246.5,245.55,245.95
12252,2024-06-27 15:24:00,246.0,246.05,245.65,245.75
12253,2024-06-27 15:27:00,245.65,246.9,245.65,246.85
12254,2024-06-28 09:15:00,247.0,249.25,247.0,248.95
12255,2024-06-28 09:18:00,248.9,249.1,248.0,248.45
12256,2024-06-28 09:21:00,248.3,249.1,248.2,249.0
12257,2024-06-28 09:24:00,249.05,249.85,249.0,249.5
12258,2024-06-28 09:27:00,249.55,249.8,248.95,249.8
12259,2024-06-28 09:30:00,249.65,250.85,249.3,250.35
12260,2024-06-28 09:33:00,250.15,250.3,248.8,248.9
12261,2024-06-28 09:36:00,248.85,248.95,248.2,248.45
12262,2024-06-28 09:39:00,248.4,248.95,248.3,248.75
12263,2024-06-28 09:42:00,248.7,248.95,248.3,248.9
12264,2024-06-28 09:45:00,249.1,249.15,247.9,247.9
12265,2024-06-28 09:48:00,248.0,248.15,247.8,248.0
12266,2024-06-28 09:51:00,247.9,248.6,247.85,248.0
12267,2024-06-28 09:54:00,248.05,248.05,247.5,247.85
12268,2024-06-28 09:57:00,247.9,248.0,247.5,247.55
12269,2024-06-28 10:00:00,247.3,247.7,247.15,247.65
12270,2024-06-28 10:03:00,247.55,247.85,247.3,247.5
12271,2024-06-28 10:06:00,247.4,247.5,247.1,247.4
12272,2024-06-28 10:09:00,247.5,247.65,247.25,247.55
12273,2024-06-28 10:12:00,247.5,248.0,247.5,248.0
12274,2024-06-28 10:15:00,247.95,248.25,247.85,247.95
12275,2024-06-28 10:18:00,248.0,248.0,247.2,247.3
12276,2024-06-28 10:21:00,247.25,247.95,247.05,247.9
12277,2024-06-28 10:24:00,247.95,248.0,247.75,247.8
12278,2024-06-28 10:27:00,247.75,248.0,247.55,248.0
12279,2024-06-28 10:30:00,247.95,249.45,247.95,248.35
12280,2024-06-28 10:33:00,248.45,248.55,247.8,248.5
12281,2024-06-28 10:36:00,248.45,248.5,247.75,248.0
12282,2024-06-28 10:39:00,247.95,248.0,247.8,248.0
12283,2024-06-28 10:42:00,247.95,247.95,247.5,247.6
12284,2024-06-28 10:45:00,247.7,248.0,247.55,247.7
12285,2024-06-28 10:48:00,247.65,247.85,247.2,247.75
12286,2024-06-28 10:51:00,247.85,248.0,247.7,248.0
12287,2024-06-28 10:54:00,247.9,248.0,247.9,248.0
12288,2024-06-28 10:57:00,247.95,248.0,247.65,247.8
12289,2024-06-28 11:00:00,247.7,248.0,247.7,248.0
12290,2024-06-28 11:03:00,247.95,248.0,247.7,247.8
12291,2024-06-28 11:06:00,247.85,247.95,247.75,247.95
12292,2024-06-28 11:09:00,247.9,248.0,247.9,248.0
12293,2024-06-28 11:12:00,247.95,248.0,247.7,247.8
12294,2024-06-28 11:15:00,247.85,247.85,247.3,247.5
12295,2024-06-28 11:18:00,247.4,247.45,247.05,247.15
12296,2024-06-28 11:21:00,247.25,247.9,247.2,247.85
12297,2024-06-28 11:24:00,247.8,248.0,247.45,248.0
12298,2024-06-28 11:27:00,247.95,248.0,247.5,247.6
12299,2024-06-28 11:30:00,247.65,247.8,247.45,247.65
12300,2024-06-28 11:33:00,247.75,247.8,247.5,247.7
12301,2024-06-28 11:36:00,247.55,247.65,247.3,247.5
12302,2024-06-28 11:39:00,247.6,247.95,247.6,247.7
12303,2024-06-28 11:42:00,247.75,247.8,247.45,247.65
12304,2024-06-28 11:45:00,247.6,247.65,247.15,247.3
12305,2024-06-28 11:48:00,247.4,247.65,247.15,247.5
12306,2024-06-28 11:51:00,247.45,247.8,247.35,247.7
12307,2024-06-28 11:54:00,247.65,247.95,247.6,247.6
12308,2024-06-28 11:57:00,247.65,247.75,247.4,247.55
12309,2024-06-28 12:00:00,247.4,248.0,247.4,248.0
12310,2024-06-28 12:03:00,247.95,247.95,247.5,247.75
12311,2024-06-28 12:06:00,247.7,247.85,247.6,247.85
12312,2024-06-28 12:09:00,247.9,247.9,247.5,247.55
12313,2024-06-28 12:12:00,247.5,247.75,247.15,247.15
12314,2024-06-28 12:15:00,247.1,247.25,246.45,246.8
12315,2024-06-28 12:18:00,246.7,246.9,246.6,246.6
12316,2024-06-28 12:21:00,246.65,246.65,246.1,246.2
12317,2024-06-28 12:24:00,246.1,246.7,246.0,246.1
12318,2024-06-28 12:27:00,246.3,246.5,246.05,246.2
12319,2024-06-28 12:30:00,246.15,246.6,246.0,246.55
12320,2024-06-28 12:33:00,246.6,246.65,246.1,246.15
12321,2024-06-28 12:36:00,246.3,246.4,245.8,246.15
12322,2024-06-28 12:39:00,246.2,246.45,246.0,246.2
12323,2024-06-28 12:42:00,246.3,246.35,246.0,246.2
12324,2024-06-28 12:45:00,246.3,246.35,246.1,246.3
12325,2024-06-28 12:48:00,246.25,246.35,245.85,246.0
12326,2024-06-28 12:51:00,245.9,246.0,245.6,245.7
12327,2024-06-28 12:54:00,245.65,246.35,245.65,246.3
12328,2024-06-28 12:57:00,246.2,246.45,246.1,246.25
12329,2024-06-28 13:00:00,246.3,246.4,246.15,246.25
12330,2024-06-28 13:03:00,246.35,246.9,246.3,246.6
12331,2024-06-28 13:06:00,246.7,246.8,246.55,246.65
12332,2024-06-28 13:09:00,246.6,246.7,246.3,246.65
12333,2024-06-28 13:12:00,246.6,247.35,246.6,247.2
12334,2024-06-28 13:15:00,247.1,247.2,246.8,246.8
12335,2024-06-28 13:18:00,246.85,247.45,246.75,247.3
12336,2024-06-28 13:21:00,247.35,247.35,247.05,247.3
12337,2024-06-28 13:24:00,247.35,247.35,247.2,247.2
12338,2024-06-28 13:27:00,247.35,247.55,247.15,247.3
12339,2024-06-28 13:30:00,247.25,247.5,247.1,247.2
12340,2024-06-28 13:33:00,247.15,247.25,247.0,247.2
12341,2024-06-28 13:36:00,247.15,247.3,247.0,247.05
12342,2024-06-28 13:39:00,247.15,247.3,247.0,247.15
12343,2024-06-28 13:42:00,247.3,247.5,247.1,247.35
12344,2024-06-28 13:45:00,247.4,247.5,247.35,247.45
12345,2024-06-28 13:48:00,247.4,247.5,247.05,247.05
12346,2024-06-28 13:51:00,247.1,247.5,247.05,247.5
12347,2024-06-28 13:54:00,247.4,247.5,247.25,247.35
12348,2024-06-28 13:57:00,247.4,247.95,247.35,247.85
12349,2024-06-28 14:00:00,248.0,248.25,247.95,248.15
12350,2024-06-28 14:03:00,248.3,248.75,248.15,248.25
12351,2024-06-28 14:06:00,248.3,248.8,248.3,248.65
12352,2024-06-28 14:09:00,248.75,248.85,248.4,248.5
12353,2024-06-28 14:12:00,248.55,248.55,248.25,248.35
12354,2024-06-28 14:15:00,248.3,248.5,248.25,248.5
12355,2024-06-28 14:18:00,248.45,248.5,248.3,248.35
12356,2024-06-28 14:21:00,248.45,248.45,247.7,247.8
12357,2024-06-28 14:24:00,247.85,247.95,247.2,247.25
12358,2024-06-28 14:27:00,247.3,247.5,247.0,247.05
12359,2024-06-28 14:30:00,247.1,247.3,247.0,247.15
12360,2024-06-28 14:33:00,247.25,247.25,247.0,247.2
12361,2024-06-28 14:36:00,247.15,247.4,247.0,247.05
12362,2024-06-28 14:39:00,247.1,247.25,247.0,247.0
12363,2024-06-28 14:42:00,247.05,247.05,246.25,246.8
12364,2024-06-28 14:45:00,246.65,247.0,246.3,246.65
12365,2024-06-28 14:48:00,246.7,246.95,246.5,246.75
12366,2024-06-28 14:51:00,246.8,246.9,246.5,246.55
12367,2024-06-28 14:54:00,246.65,246.9,246.55,246.65
12368,2024-06-28 14:57:00,246.6,246.75,246.35,246.45
12369,2024-06-28 15:00:00,246.55,246.75,246.1,246.15
12370,2024-06-28 15:03:00,246.2,246.2,245.55,246.0
12371,2024-06-28 15:06:00,246.05,246.15,245.55,245.85
12372,2024-06-28 15:09:00,245.9,246.15,245.7,245.75
12373,2024-06-28 15:12:00,245.7,246.1,245.5,245.85
12374,2024-06-28 15:15:00,245.9,246.2,245.8,246.05
12375,2024-06-28 15:18:00,246.1,246.55,246.0,246.3
12376,2024-06-28 15:21:00,246.35,246.5,246.25,246.5
12377,2024-06-28 15:24:00,246.45,246.7,246.25,246.3
12378,2024-06-28 15:27:00,246.35,247.0,245.0,245.0
12379,2024-07-01 09:15:00,245.02,249.65,245.02,249.5
12380,2024-07-01 09:18:00,249.54,250.91,249.12,249.9
12381,2024-07-01 09:21:00,249.81,250.85,249.32,249.54
12382,2024-07-01 09:24:00,249.6,250.05,249.03,249.11
12383,2024-07-01 09:27:00,249.05,249.38,247.67,248.48
12384,2024-07-01 09:30:00,248.36,249.16,247.61,248.0
12385,2024-07-01 09:33:00,247.93,249.65,247.93,249.5
12386,2024-07-01 09:36:00,249.6,249.84,249.15,249.51
12387,2024-07-01 09:39:00,249.49,249.9,249.31,249.38
12388,2024-07-01 09:42:00,249.37,250.95,249.11,250.9
12389,2024-07-01 09:45:00,250.93,251.55,249.87,250.1
12390,2024-07-01 09:48:00,250.35,250.8,249.1,249.12
12391,2024-07-01 09:51:00,249.1,249.48,248.31,249.18
12392,2024-07-01 09:54:00,249.15,249.35,248.55,249.3
12393,2024-07-01 09:57:00,249.17,249.74,249.17,249.59
12394,2024-07-01 10:00:00,249.66,249.7,249.01,249.61
12395,2024-07-01 10:03:00,249.65,249.72,249.0,249.29
12396,2024-07-01 10:06:00,249.23,249.98,249.23,249.7
12397,2024-07-01 10:09:00,249.68,249.84,249.49,249.53
12398,2024-07-01 10:12:00,249.51,249.7,249.11,249.58
12399,2024-07-01 10:15:00,249.54,249.99,249.5,249.91
12400,2024-07-01 10:18:00,249.82,250.32,249.82,250.2
12401,2024-07-01 10:21:00,250.24,250.43,249.78,250.07
12402,2024-07-01 10:24:00,250.15,250.15,249.85,249.93
12403,2024-07-01 10:27:00,249.95,250.0,249.55,249.82
12404,2024-07-01 10:30:00,249.8,250.26,249.7,250.26
12405,2024-07-01 10:33:00,250.2,250.24,249.65,249.95
12406,2024-07-01 10:36:00,249.85,250.05,249.85,250.0
12407,2024-07-01 10:39:00,249.93,250.0,249.64,249.66
12408,2024-07-01 10:42:00,249.7,249.9,249.68,249.85
12409,2024-07-01 10:45:00,249.87,250.15,249.24,249.24
12410,2024-07-01 10:48:00,249.35,250.59,249.27,250.55
12411,2024-07-01 10:51:00,250.54,251.11,250.5,251.09
12412,2024-07-01 10:54:00,251.0,251.05,250.6,250.93
12413,2024-07-01 10:57:00,251.0,251.64,250.91,251.05
12414,2024-07-01 11:00:00,250.97,251.2,250.95,251.05
12415,2024-07-01 11:03:00,251.1,251.25,251.03,251.2
12416,2024-07-01 11:06:00,251.28,251.4,251.05,251.06
12417,2024-07-01 11:09:00,251.09,251.18,250.74,251.17
12418,2024-07-01 11:12:00,251.1,251.25,250.75,250.97
12419,2024-07-01 11:15:00,250.88,250.96,250.65,250.79
12420,2024-07-01 11:18:00,250.85,251.7,250.8,251.35
12421,2024-07-01 11:21:00,251.3,251.35,251.0,251.06
12422,2024-07-01 11:24:00,251.04,251.08,250.7,250.78
12423,2024-07-01 11:27:00,250.79,251.28,250.65,251.11
12424,2024-07-01 11:30:00,251.17,251.28,251.0,251.13
12425,2024-07-01 11:33:00,251.07,251.55,251.05,251.29
12426,2024-07-01 11:36:00,251.4,251.6,251.06,251.06
12427,2024-07-01 11:39:00,251.11,251.24,251.06,251.16
12428,2024-07-01 11:42:00,251.17,251.55,251.16,251.5
12429,2024-07-01 11:45:00,251.47,251.5,251.19,251.31
12430,2024-07-01 11:48:00,251.34,251.4,251.2,251.24
12431,2024-07-01 11:51:00,251.26,251.35,250.8,250.88
12432,2024-07-01 11:54:00,250.84,251.12,250.5,250.68
12433,2024-07-01 11:57:00,250.69,250.89,250.39,250.75
12434,2024-07-01 12:00:00,250.72,251.0,250.57,250.89
12435,2024-07-01 12:03:00,250.86,250.9,250.47,250.54
12436,2024-07-01 12:06:00,250.6,250.64,250.46,250.61
12437,2024-07-01 12:09:00,250.56,250.61,250.01,250.3
12438,2024-07-01 12:12:00,250.27,250.69,250.27,250.59
12439,2024-07-01 12:15:00,250.56,250.57,250.05,250.05
12440,2024-07-01 12:18:00,250.06,250.08,250.0,250.04
12441,2024-07-01 12:21:00,250.05,250.05,249.84,249.89
12442,2024-07-01 12:24:00,249.88,249.89,249.52,249.59
12443,2024-07-01 12:27:00,249.57,250.01,249.51,249.64
12444,2024-07-01 12:30:00,249.73,250.05,249.53,250.05
12445,2024-07-01 12:33:00,250.02,250.05,249.7,249.87
12446,2024-07-01 12:36:00,249.85,250.22,249.85,250.18
12447,2024-07-01 12:39:00,250.13,250.25,250.05,250.05
12448,2024-07-01 12:42:00,250.18,250.25,250.06,250.25
12449,2024-07-01 12:45:00,250.24,250.25,249.9,250.04
12450,2024-07-01 12:48:00,250.02,250.25,250.02,250.25
12451,2024-07-01 12:51:00,250.24,250.25,250.04,250.04
12452,2024-07-01 12:54:00,250.0,250.1,249.58,250.09
12453,2024-07-01 12:57:00,250.1,250.24,249.61,249.71
12454,2024-07-01 13:00:00,249.74,249.85,249.62,249.81
12455,2024-07-01 13:03:00,249.8,249.86,249.61,249.61
12456,2024-07-01 13:06:00,249.71,250.0,249.63,249.94
12457,2024-07-01 13:09:00,249.97,250.18,249.25,249.35
12458,2024-07-01 13:12:00,249.37,249.42,248.75,248.95
12459,2024-07-01 13:15:00,248.93,248.95,248.4,248.65
12460,2024-07-01 13:18:00,248.67,248.95,248.65,248.85
12461,2024-07-01 13:21:00,248.87,248.87,248.47,248.64
12462,2024-07-01 13:24:00,248.69,248.76,248.05,248.1
12463,2024-07-01 13:27:00,248.12,248.39,248.02,248.05
12464,2024-07-01 13:30:00,248.14,248.67,248.05,248.5
12465,2024-07-01 13:33:00,248.51,248.8,248.22,248.31
12466,2024-07-01 13:36:00,248.34,248.53,248.0,248.08
12467,2024-07-01 13:39:00,248.09,248.28,248.0,248.2
12468,2024-07-01 13:42:00,248.22,248.3,248.1,248.15
12469,2024-07-01 13:45:00,248.24,248.55,248.16,248.18
12470,2024-07-01 13:48:00,248.2,248.29,248.06,248.16
12471,2024-07-01 13:51:00,248.18,248.2,248.0,248.1
12472,2024-07-01 13:54:00,248.12,248.44,247.95,248.43
12473,2024-07-01 13:57:00,248.49,248.82,247.99,248.69
12474,2024-07-01 14:00:00,248.79,249.5,248.59,249.31
12475,2024-07-01 14:03:00,249.29,249.62,248.85,249.45
12476,2024-07-01 14:06:00,249.46,249.94,249.42,249.82
12477,2024-07-01 14:09:00,249.86,250.25,249.31,249.4
12478,2024-07-01 14:12:00,249.41,249.93,249.11,249.69
12479,2024-07-01 14:15:00,249.7,249.88,249.6,249.61
12480,2024-07-01 14:18:00,249.65,249.76,249.35,249.36
12481,2024-07-01 14:21:00,249.4,249.79,249.3,249.63
12482,2024-07-01 14:24:00,249.55,249.75,249.41,249.59
12483,2024-07-01 14:27:00,249.62,249.78,249.56,249.7
12484,2024-07-01 14:30:00,249.71,250.0,249.7,249.93
12485,2024-07-01 14:33:00,249.94,250.0,249.9,249.9
12486,2024-07-01 14:36:00,249.91,250.4,249.9,250.26
12487,2024-07-01 14:39:00,250.36,250.37,250.02,250.06
12488,2024-07-01 14:42:00,250.0,250.08,249.4,249.4
12489,2024-07-01 14:45:00,249.41,249.75,249.4,249.66
12490,2024-07-01 14:48:00,249.7,249.73,249.02,249.1
12491,2024-07-01 14:51:00,249.16,249.33,249.0,249.32
12492,2024-07-01 14:54:00,249.31,249.46,249.06,249.31
12493,2024-07-01 14:57:00,249.2,249.95,249.17,249.95
12494,2024-07-01 15:00:00,249.9,250.78,249.66,250.7
12495,2024-07-01 15:03:00,250.84,252.19,250.56,251.87
12496,2024-07-01 15:06:00,251.8,252.25,251.8,251.87
12497,2024-07-01 15:09:00,251.88,251.95,251.39,251.6
12498,2024-07-01 15:12:00,251.65,252.16,251.6,251.8
12499,2024-07-01 15:15:00,251.76,252.0,251.76,251.81
12500,2024-07-01 15:18:00,251.82,252.07,251.75,252.0
12501,2024-07-01 15:21:00,252.02,252.1,251.65,251.81
12502,2024-07-01 15:24:00,251.93,252.05,251.75,252.0
12503,2024-07-01 15:27:00,251.99,252.25,251.6,251.6
12504,2024-07-02 09:15:00,250.85,251.0,248.8,250.0
12505,2024-07-02 09:18:00,250.1,250.85,249.5,250.39
12506,2024-07-02 09:21:00,250.3,250.6,249.75,249.97
12507,2024-07-02 09:24:00,249.95,249.96,249.25,249.69
12508,2024-07-02 09:27:00,249.68,249.87,249.0,249.6
12509,2024-07-02 09:30:00,249.65,250.18,249.35,249.9
12510,2024-07-02 09:33:00,249.87,250.25,249.79,250.2
12511,2024-07-02 09:36:00,250.16,250.2,249.55,249.92
12512,2024-07-02 09:39:00,249.81,249.95,248.86,249.0
12513,2024-07-02 09:42:00,248.95,249.15,248.8,248.86
12514,2024-07-02 09:45:00,248.75,248.75,247.8,248.0
12515,2024-07-02 09:48:00,247.96,248.6,247.6,247.64
12516,2024-07-02 09:51:00,247.7,248.4,247.56,247.99
12517,2024-07-02 09:54:00,248.0,248.25,247.88,248.25
12518,2024-07-02 09:57:00,248.0,248.59,248.0,248.54
12519,2024-07-02 10:00:00,248.5,248.9,248.5,248.85
12520,2024-07-02 10:03:00,248.87,248.9,248.5,248.64
12521,2024-07-02 10:06:00,248.55,248.64,247.7,247.94
12522,2024-07-02 10:09:00,248.0,248.25,247.84,247.92
12523,2024-07-02 10:12:00,247.94,248.05,247.84,247.86
12524,2024-07-02 10:15:00,247.91,248.0,247.2,247.35
12525,2024-07-02 10:18:00,247.3,247.98,246.95,247.98
12526,2024-07-02 10:21:00,247.99,247.99,247.64,247.64
12527,2024-07-02 10:24:00,247.6,247.78,246.95,247.38
12528,2024-07-02 10:27:00,247.4,247.7,247.31,247.35
12529,2024-07-02 10:30:00,247.33,247.51,246.84,246.85
12530,2024-07-02 10:33:00,246.76,246.83,246.3,246.72
12531,2024-07-02 10:36:00,246.75,247.01,246.7,246.9
12532,2024-07-02 10:39:00,246.92,247.35,246.78,247.19
12533,2024-07-02 10:42:00,247.11,247.24,246.81,247.1
12534,2024-07-02 10:45:00,247.06,247.1,246.65,246.85
12535,2024-07-02 10:48:00,246.86,247.0,246.79,246.91
12536,2024-07-02 10:51:00,246.99,247.58,246.9,247.49
12537,2024-07-02 10:54:00,247.5,247.6,246.8,246.8
12538,2024-07-02 10:57:00,246.85,247.42,246.85,247.23
12539,2024-07-02 11:00:00,247.34,247.34,246.52,246.8
12540,2024-07-02 11:03:00,246.75,246.85,246.65,246.85
12541,2024-07-02 11:06:00,246.83,246.89,246.6,246.75
12542,2024-07-02 11:09:00,246.74,246.75,246.26,246.33
12543,2024-07-02 11:12:00,246.3,246.4,246.3,246.4
12544,2024-07-02 11:15:00,246.35,246.4,246.06,246.25
12545,2024-07-02 11:18:00,246.2,246.25,245.77,245.94
12546,2024-07-02 11:21:00,245.89,246.02,244.59,245.0
12547,2024-07-02 11:24:00,244.98,245.01,244.91,245.0
12548,2024-07-02 11:27:00,244.99,245.83,244.9,245.56
12549,2024-07-02 11:30:00,245.51,245.9,245.51,245.89
12550,2024-07-02 11:33:00,245.88,246.28,245.75,246.2
12551,2024-07-02 11:36:00,246.18,246.2,245.97,245.97
12552,2024-07-02 11:39:00,245.9,245.98,245.6,245.67
12553,2024-07-02 11:42:00,245.6,245.66,244.7,245.03
12554,2024-07-02 11:45:00,245.0,245.66,245.0,245.57
12555,2024-07-02 11:48:00,245.55,245.56,245.1,245.15
12556,2024-07-02 11:51:00,245.18,245.21,244.81,244.85
12557,2024-07-02 11:54:00,244.84,245.31,244.75,245.15
12558,2024-07-02 11:57:00,245.16,245.29,245.06,245.13
12559,2024-07-02 12:00:00,245.08,245.14,244.0,244.24
12560,2024-07-02 12:03:00,244.25,244.67,244.17,244.65
12561,2024-07-02 12:06:00,244.64,244.73,244.35,244.67
12562,2024-07-02 12:09:00,244.57,244.65,243.85,244.03
12563,2024-07-02 12:12:00,244.02,244.03,242.5,242.86
12564,2024-07-02 12:15:00,242.81,243.87,242.7,243.65
12565,2024-07-02 12:18:00,243.6,243.89,243.45,243.79
12566,2024-07-02 12:21:00,243.85,244.38,243.63,244.36
12567,2024-07-02 12:24:00,244.3,244.4,243.88,244.17
12568,2024-07-02 12:27:00,244.1,244.98,244.06,244.75
12569,2024-07-02 12:30:00,244.56,244.71,244.2,244.2
12570,2024-07-02 12:33:00,244.13,244.46,243.5,243.64
12571,2024-07-02 12:36:00,243.6,243.77,243.4,243.47
12572,2024-07-02 12:39:00,243.5,243.61,242.82,243.61
12573,2024-07-02 12:42:00,243.57,243.91,243.25,243.9
12574,2024-07-02 12:45:00,243.82,243.95,243.32,243.63
12575,2024-07-02 12:48:00,243.58,243.98,243.5,243.65
12576,2024-07-02 12:51:00,243.6,244.39,243.6,244.04
12577,2024-07-02 12:54:00,244.14,244.19,243.65,243.84
12578,2024-07-02 12:57:00,243.8,243.8,242.91,243.3
12579,2024-07-02 13:00:00,243.49,243.49,242.7,242.82
12580,2024-07-02 13:03:00,242.87,243.19,242.42,243.16
12581,2024-07-02 13:06:00,243.08,243.5,242.85,243.34
12582,2024-07-02 13:09:00,243.29,243.81,243.15,243.79
12583,2024-07-02 13:12:00,243.78,244.2,243.57,243.99
12584,2024-07-02 13:15:00,244.0,244.2,243.78,243.94
12585,2024-07-02 13:18:00,243.86,244.26,243.7,244.21
12586,2024-07-02 13:21:00,244.07,244.86,244.0,244.58
12587,2024-07-02 13:24:00,244.68,244.79,244.31,244.45
12588,2024-07-02 13:27:00,244.5,244.59,244.24,244.47
12589,2024-07-02 13:30:00,244.43,244.77,244.33,244.45
12590,2024-07-02 13:33:00,244.4,244.5,244.0,244.5
12591,2024-07-02 13:36:00,244.44,244.8,244.39,244.8
12592,2024-07-02 13:39:00,244.79,244.95,244.66,244.8
12593,2024-07-02 13:42:00,244.7,244.94,244.54,244.93
12594,2024-07-02 13:45:00,244.94,244.95,244.37,244.65
12595,2024-07-02 13:48:00,244.53,244.85,244.4,244.76
12596,2024-07-02 13:51:00,244.75,244.79,244.25,244.42
12597,2024-07-02 13:54:00,244.34,244.45,243.65,243.98
12598,2024-07-02 13:57:00,243.96,244.39,243.9,244.33
12599,2024-07-02 14:00:00,244.34,244.35,244.05,244.25
12600,2024-07-02 14:03:00,244.2,244.34,244.11,244.23
12601,2024-07-02 14:06:00,244.2,244.36,244.0,244.08
12602,2024-07-02 14:09:00,244.05,244.23,243.8,244.23
12603,2024-07-02 14:12:00,244.12,244.35,244.0,244.15
12604,2024-07-02 14:15:00,244.07,244.36,244.07,244.36
12605,2024-07-02 14:18:00,244.37,244.57,244.21,244.4
12606,2024-07-02 14:21:00,244.49,244.6,244.4,244.5
12607,2024-07-02 14:24:00,244.42,244.69,244.25,244.69
12608,2024-07-02 14:27:00,244.66,245.36,244.66,245.2
12609,2024-07-02 14:30:00,245.17,245.68,244.76,244.99
12610,2024-07-02 14:33:00,244.9,245.35,244.85,245.1
12611,2024-07-02 14:36:00,245.13,245.16,244.86,245.09
12612,2024-07-02 14:39:00,245.05,245.1,244.93,245.01
12613,2024-07-02 14:42:00,245.0,245.05,244.82,244.91
12614,2024-07-02 14:45:00,244.92,244.98,244.66,244.71
12615,2024-07-02 14:48:00,244.75,244.85,244.08,244.6
12616,2024-07-02 14:51:00,244.54,244.8,244.4,244.73
12617,2024-07-02 14:54:00,244.65,244.74,244.4,244.7
12618,2024-07-02 14:57:00,244.66,244.7,244.51,244.59
12619,2024-07-02 15:00:00,244.56,244.67,244.11,244.28
12620,2024-07-02 15:03:00,244.25,244.61,244.16,244.3
12621,2024-07-02 15:06:00,244.31,244.54,244.05,244.05
12622,2024-07-02 15:09:00,244.15,244.15,244.0,244.07
12623,2024-07-02 15:12:00,244.09,244.5,244.05,244.24
12624,2024-07-02 15:15:00,244.19,244.49,244.01,244.34
12625,2024-07-02 15:18:00,244.3,244.5,244.16,244.34
12626,2024-07-02 15:21:00,244.39,245.0,244.39,244.55
12627,2024-07-02 15:24:00,244.46,244.55,244.12,244.35
12628,2024-07-02 15:27:00,244.31,246.9,244.25,246.9
12629,2024-07-03 09:15:00,246.17,248.19,246.17,247.55
12630,2024-07-03 09:18:00,247.53,248.7,247.49,248.12
12631,2024-07-03 09:21:00,248.2,248.25,247.43,247.61
12632,2024-07-03 09:24:00,247.71,247.71,246.79,247.28
12633,2024-07-03 09:27:00,247.35,248.0,247.28,247.38
12634,2024-07-03 09:30:00,247.5,248.93,247.38,248.45
12635,2024-07-03 09:33:00,248.49,248.99,248.01,248.99
12636,2024-07-03 09:36:00,248.95,249.3,248.6,249.24
12637,2024-07-03 09:39:00,249.25,249.25,247.8,248.07
12638,2024-07-03 09:42:00,248.09,248.75,248.08,248.42
12639,2024-07-03 09:45:00,248.55,248.9,248.0,248.61
12640,2024-07-03 09:48:00,248.68,248.68,248.11,248.6
12641,2024-07-03 09:51:00,248.55,248.6,247.95,248.0
